63 5 62 5 61 5 60 5 59 5 58 5 57 5 56 5 55 6 54 6 53 6 52 6 51 6 50 6 49 6 48 6 47 6 46 6 45 6 44 6 43 6 42 6 41 6 40 6 39 6 38 7 37 7 36 7 35 7 34 7 33 7 32 7 31 7 30 7 29 7 28 8 27 9 26 10 25 11 24 12 23 13 22 14 21 15 20 16 19 17 18 18 17 19 16 19 15 19 14 18 13 18 12 18 11 18 10 18 9 18 8 18 7 17 6 17 5 17 4 17 3 17 2 17 1 17 0 17 
Horizon slope: -0.238084
63 5 62 5 61 5 60 5 59 5 58 5 57 5 56 5 55 6 54 6 53 6 52 6 51 6 50 6 49 6 48 6 47 6 46 6 45 6 44 6 43 6 42 6 41 6 40 6 39 6 38 7 37 7 36 7 35 7 34 7 33 7 32 7 31 7 30 7 29 7 28 8 27 9 26 10 25 11 24 12 23 13 22 14 21 15 20 16 19 17 18 18 17 19 16 19 15 19 14 18 13 18 12 18 11 18 10 18 9 18 8 18 7 17 6 17 5 17 4 17 3 17 2 17 1 17 0 17 808464432 976236602 
63 5 62 5 61 5 60 5 59 5 58 5 57 5 56 5 55 6 54 6 53 6 52 6 51 6 50 6 49 6 48 6 47 6 46 6 45 6 44 6 43 6 42 6 41 6 40 6 39 7 38 7 37 7 36 7 35 7 34 7 33 7 32 7 31 7 30 7 29 8 28 8 27 9 26 10 25 11 24 12 23 13 22 14 21 15 20 16 19 17 18 18 17 18 16 19 15 19 14 18 13 18 12 18 11 18 10 18 9 18 8 18 7 18 6 17 5 17 4 17 3 17 2 17 1 17 0 17 
Horizon slope: -0.238261
63 5 62 5 61 5 60 5 59 5 58 5 57 5 56 5 55 6 54 6 53 6 52 6 51 6 50 6 49 6 48 6 47 6 46 6 45 6 44 6 43 6 42 6 41 6 40 6 39 7 38 7 37 7 36 7 35 7 34 7 33 7 32 7 31 7 30 7 29 8 28 8 27 9 26 10 25 11 24 12 23 13 22 14 21 15 20 16 19 17 18 18 17 18 16 19 15 19 14 18 13 18 12 18 11 18 10 18 9 18 8 18 7 18 6 17 5 17 4 17 3 17 2 17 1 17 0 17 808464432 976236602 
63 5 62 5 61 5 60 5 59 5 58 5 57 5 56 6 55 6 54 6 53 6 52 6 51 6 50 6 49 6 48 6 47 6 46 6 45 6 44 6 43 6 42 6 41 6 40 6 39 7 38 7 37 7 36 7 35 7 34 7 33 7 32 7 31 7 30 7 29 7 28 8 27 9 26 10 25 11 24 12 23 13 22 14 21 15 20 16 19 17 18 18 17 18 16 19 15 19 14 18 13 18 12 18 11 18 10 18 9 18 8 18 7 17 6 17 5 17 4 17 3 17 2 17 1 17 0 17 
Horizon slope: -0.236025
63 5 62 5 61 5 60 5 59 5 58 5 57 5 56 6 55 6 54 6 53 6 52 6 51 6 50 6 49 6 48 6 47 6 46 6 45 6 44 6 43 6 42 6 41 6 40 6 39 7 38 7 37 7 36 7 35 7 34 7 33 7 32 7 31 7 30 7 29 7 28 8 27 9 26 10 25 11 24 12 23 13 22 14 21 15 20 16 19 17 18 18 17 18 16 19 15 19 14 18 13 18 12 18 11 18 10 18 9 18 8 18 7 17 6 17 5 17 4 17 3 17 2 17 1 17 0 17 808464432 976236602 
63 5 62 5 61 5 60 5 59 5 58 5 57 5 56 5 55 5 54 5 53 5 52 6 51 6 50 6 49 6 48 6 47 6 46 6 45 6 44 6 43 6 42 6 41 6 40 6 39 6 38 6 37 7 36 7 35 7 34 7 33 7 32 7 31 7 30 7 29 7 28 8 27 9 26 10 25 11 24 12 23 13 22 14 21 15 20 16 19 17 18 18 17 19 16 19 15 19 14 19 13 18 12 18 11 18 10 18 9 18 8 18 7 18 6 18 5 17 4 17 3 17 2 17 1 17 0 17 
Horizon slope: -0.244307
63 5 62 5 61 5 60 5 59 5 58 5 57 5 56 5 55 5 54 5 53 5 52 6 51 6 50 6 49 6 48 6 47 6 46 6 45 6 44 6 43 6 42 6 41 6 40 6 39 6 38 6 37 7 36 7 35 7 34 7 33 7 32 7 31 7 30 7 29 7 28 8 27 9 26 10 25 11 24 12 23 13 22 14 21 15 20 16 19 17 18 18 17 19 16 19 15 19 14 19 13 18 12 18 11 18 10 18 9 18 8 18 7 18 6 18 5 17 4 17 3 17 2 17 1 17 0 17 808464432 976236602 
63 5 62 5 61 5 60 5 59 5 58 5 57 5 56 5 55 5 54 5 53 5 52 6 51 6 50 6 49 6 48 6 47 6 46 6 45 6 44 6 43 6 42 6 41 6 40 6 39 6 38 6 37 7 36 7 35 7 34 7 33 7 32 7 31 7 30 7 29 7 28 8 27 9 26 10 25 11 24 12 23 13 22 14 21 15 20 16 19 17 18 18 17 19 16 19 15 19 14 19 13 19 12 18 11 18 10 18 9 18 8 18 7 18 6 18 5 17 4 17 3 17 2 17 1 17 0 17 
Horizon slope: -0.245097
63 5 62 5 61 5 60 5 59 5 58 5 57 5 56 5 55 5 54 5 53 5 52 6 51 6 50 6 49 6 48 6 47 6 46 6 45 6 44 6 43 6 42 6 41 6 40 6 39 6 38 6 37 7 36 7 35 7 34 7 33 7 32 7 31 7 30 7 29 7 28 8 27 9 26 10 25 11 24 12 23 13 22 14 21 15 20 16 19 17 18 18 17 19 16 19 15 19 14 19 13 19 12 18 11 18 10 18 9 18 8 18 7 18 6 18 5 17 4 17 3 17 2 17 1 17 0 17 808464432 976236602 
63 5 62 5 61 5 60 5 59 5 58 5 57 5 56 5 55 5 54 5 53 5 52 6 51 6 50 6 49 6 48 6 47 6 46 6 45 6 44 6 43 6 42 6 41 6 40 6 39 6 38 6 37 7 36 7 35 7 34 7 33 7 32 7 31 7 30 7 29 7 28 8 27 9 26 10 25 11 24 12 23 13 22 14 21 15 20 16 19 17 18 18 17 19 16 19 15 19 14 19 13 19 12 18 11 18 10 18 9 18 8 18 7 18 6 17 5 17 4 17 3 17 2 17 1 17 0 17 
Horizon slope: -0.244000
63 5 62 5 61 5 60 5 59 5 58 5 57 5 56 5 55 5 54 5 53 5 52 6 51 6 50 6 49 6 48 6 47 6 46 6 45 6 44 6 43 6 42 6 41 6 40 6 39 6 38 6 37 7 36 7 35 7 34 7 33 7 32 7 31 7 30 7 29 7 28 8 27 9 26 10 25 11 24 12 23 13 22 14 21 15 20 16 19 17 18 18 17 19 16 19 15 19 14 19 13 19 12 18 11 18 10 18 9 18 8 18 7 18 6 17 5 17 4 17 3 17 2 17 1 17 0 17 808464432 976236602 
63 14 62 13 61 13 60 14 59 13 58 13 57 13 56 14 55 14 54 13 53 13 52 13 51 13 50 13 49 13 48 13 47 13 46 12 45 11 44 11 43 11 42 10 41 11 40 11 39 12 38 12 37 12 36 12 35 13 34 14 33 13 32 14 31 14 30 15 29 15 28 15 27 14 26 14 25 14 24 15 23 14 22 15 21 16 20 17 19 18 18 19 17 19 16 19 15 19 14 19 13 19 12 18 11 18 10 18 9 18 8 18 7 18 6 18 5 18 4 17 3 17 2 17 1 17 0 17 
Horizon slope: -0.083863
63 14 62 13 61 13 60 14 59 13 58 13 57 13 56 14 55 14 54 13 53 13 52 13 51 13 50 13 49 13 48 13 47 13 46 12 45 11 44 11 43 11 42 10 41 11 40 11 39 12 38 12 37 12 36 12 35 13 34 14 33 13 32 14 31 14 30 15 29 15 28 15 27 14 26 14 25 14 24 15 23 14 22 15 21 16 20 17 19 18 18 19 17 19 16 19 15 19 14 19 13 19 12 18 11 18 10 18 9 18 8 18 7 18 6 18 5 18 4 17 3 17 2 17 1 17 0 17 808464432 976236602 
63 13 62 13 61 13 60 13 59 13 58 12 57 13 56 13 55 13 54 13 53 13 52 13 51 13 50 13 49 13 48 13 47 12 46 11 45 11 44 11 43 11 42 11 41 11 40 11 39 12 38 12 37 12 36 12 35 13 34 14 33 15 32 14 31 14 30 15 29 15 28 15 27 15 26 15 25 15 24 15 23 14 22 15 21 16 20 17 19 18 18 19 17 19 16 19 15 19 14 19 13 19 12 18 11 18 10 18 9 18 8 18 7 18 6 18 5 18 4 17 3 17 2 17 1 17 0 17 
Horizon slope: -0.091226
63 13 62 13 61 13 60 13 59 13 58 12 57 13 56 13 55 13 54 13 53 13 52 13 51 13 50 13 49 13 48 13 47 12 46 11 45 11 44 11 43 11 42 11 41 11 40 11 39 12 38 12 37 12 36 12 35 13 34 14 33 15 32 14 31 14 30 15 29 15 28 15 27 15 26 15 25 15 24 15 23 14 22 15 21 16 20 17 19 18 18 19 17 19 16 19 15 19 14 19 13 19 12 18 11 18 10 18 9 18 8 18 7 18 6 18 5 18 4 17 3 17 2 17 1 17 0 17 808464432 976236602 
63 9 62 9 61 10 60 10 59 10 58 10 57 10 56 10 55 10 54 10 53 10 52 11 51 11 50 11 49 11 48 11 47 11 46 11 45 11 44 11 43 11 42 11 41 11 40 11 39 11 38 11 37 11 36 12 35 12 34 13 33 14 32 15 31 14 30 15 29 15 28 15 27 15 26 15 25 15 24 15 23 15 22 15 21 16 20 17 19 18 18 19 17 19 16 19 15 19 14 19 13 19 12 18 11 18 10 18 9 18 8 18 7 18 6 18 5 18 4 17 3 17 2 17 1 17 0 17 
Horizon slope: -0.142470
63 9 62 9 61 10 60 10 59 10 58 10 57 10 56 10 55 10 54 10 53 10 52 11 51 11 50 11 49 11 48 11 47 11 46 11 45 11 44 11 43 11 42 11 41 11 40 11 39 11 38 11 37 11 36 12 35 12 34 13 33 14 32 15 31 14 30 15 29 15 28 15 27 15 26 15 25 15 24 15 23 15 22 15 21 16 20 17 19 18 18 19 17 19 16 19 15 19 14 19 13 19 12 18 11 18 10 18 9 18 8 18 7 18 6 18 5 18 4 17 3 17 2 17 1 17 0 17 808464432 976236602 
63 9 62 9 61 9 60 9 59 9 58 9 57 9 56 10 55 11 54 12 53 13 52 14 51 15 50 16 49 17 48 18 47 19 46 18 45 17 44 18 43 17 42 17 41 17 40 17 39 17 38 17 37 17 36 17 35 17 34 16 33 15 32 14 31 14 30 15 29 14 28 14 27 14 26 14 25 14 24 14 23 15 22 15 21 16 20 17 19 18 18 19 17 19 16 19 15 19 14 19 13 19 12 19 11 18 10 18 9 18 8 18 7 18 6 18 5 17 4 17 3 17 2 17 1 17 0 17 
Horizon slope: -0.083987
63 9 62 9 61 9 60 9 59 9 58 9 57 9 56 10 55 11 54 12 53 13 52 14 51 15 50 16 49 17 48 18 47 19 46 18 45 17 44 18 43 17 42 17 41 17 40 17 39 17 38 17 37 17 36 17 35 17 34 16 33 15 32 14 31 14 30 15 29 14 28 14 27 14 26 14 25 14 24 14 23 15 22 15 21 16 20 17 19 18 18 19 17 19 16 19 15 19 14 19 13 19 12 19 11 18 10 18 9 18 8 18 7 18 6 18 5 17 4 17 3 17 2 17 1 17 0 17 808464432 976236602 
63 9 62 9 61 9 60 9 59 9 58 9 57 9 56 9 55 10 54 10 53 11 52 12 51 13 50 14 49 15 48 16 47 17 46 18 45 18 44 18 43 17 42 17 41 18 40 17 39 17 38 17 37 17 36 17 35 17 34 16 33 15 32 15 31 14 30 15 29 14 28 14 27 14 26 14 25 15 24 15 23 15 22 15 21 16 20 17 19 18 18 19 17 19 16 19 15 19 14 19 13 19 12 19 11 18 10 18 9 18 8 18 7 18 6 18 5 18 4 17 3 17 2 17 1 17 0 17 
Horizon slope: -0.100414
63 9 62 9 61 9 60 9 59 9 58 9 57 9 56 9 55 10 54 10 53 11 52 12 51 13 50 14 49 15 48 16 47 17 46 18 45 18 44 18 43 17 42 17 41 18 40 17 39 17 38 17 37 17 36 17 35 17 34 16 33 15 32 15 31 14 30 15 29 14 28 14 27 14 26 14 25 15 24 15 23 15 22 15 21 16 20 17 19 18 18 19 17 19 16 19 15 19 14 19 13 19 12 19 11 18 10 18 9 18 8 18 7 18 6 18 5 18 4 17 3 17 2 17 1 17 0 17 808464432 976236602 
63 9 62 9 61 9 60 9 59 9 58 9 57 9 56 10 55 10 54 10 53 11 52 12 51 13 50 14 49 15 48 16 47 17 46 18 45 17 44 18 43 17 42 17 41 17 40 17 39 17 38 17 37 17 36 17 35 17 34 16 33 15 32 15 31 14 30 15 29 15 28 15 27 15 26 15 25 15 24 15 23 15 22 15 21 16 20 17 19 18 18 19 17 19 16 19 15 19 14 19 13 19 12 19 11 18 10 18 9 18 8 18 7 18 6 18 5 18 4 17 3 17 2 17 1 17 0 17 
Horizon slope: -0.100986
63 9 62 9 61 9 60 9 59 9 58 9 57 9 56 10 55 10 54 10 53 11 52 12 51 13 50 14 49 15 48 16 47 17 46 18 45 17 44 18 43 17 42 17 41 17 40 17 39 17 38 17 37 17 36 17 35 17 34 16 33 15 32 15 31 14 30 15 29 15 28 15 27 15 26 15 25 15 24 15 23 15 22 15 21 16 20 17 19 18 18 19 17 19 16 19 15 19 14 19 13 19 12 19 11 18 10 18 9 18 8 18 7 18 6 18 5 18 4 17 3 17 2 17 1 17 0 17 808464432 976236602 
63 9 62 9 61 9 60 9 59 9 58 10 57 10 56 10 55 11 54 12 53 13 52 14 51 15 50 16 49 17 48 18 47 19 46 18 45 17 44 17 43 17 42 17 41 17 40 17 39 17 38 17 37 17 36 17 35 17 34 16 33 15 32 15 31 14 30 15 29 15 28 15 27 15 26 15 25 15 24 15 23 15 22 15 21 16 20 17 19 18 18 19 17 19 16 19 15 19 14 19 13 19 12 19 11 18 10 18 9 18 8 18 7 18 6 18 5 17 4 17 3 17 2 17 1 17 0 17 
Horizon slope: -0.083379
63 9 62 9 61 9 60 9 59 9 58 10 57 10 56 10 55 11 54 12 53 13 52 14 51 15 50 16 49 17 48 18 47 19 46 18 45 17 44 17 43 17 42 17 41 17 40 17 39 17 38 17 37 17 36 17 35 17 34 16 33 15 32 15 31 14 30 15 29 15 28 15 27 15 26 15 25 15 24 15 23 15 22 15 21 16 20 17 19 18 18 19 17 19 16 19 15 19 14 19 13 19 12 19 11 18 10 18 9 18 8 18 7 18 6 18 5 17 4 17 3 17 2 17 1 17 0 17 808464432 976236602 
63 9 62 9 61 9 60 9 59 9 58 9 57 10 56 10 55 11 54 12 53 13 52 14 51 15 50 16 49 17 48 18 47 19 46 18 45 17 44 17 43 17 42 17 41 17 40 17 39 17 38 17 37 17 36 17 35 17 34 16 33 15 32 15 31 14 30 15 29 14 28 14 27 15 26 15 25 15 24 14 23 15 22 15 21 16 20 17 19 18 18 19 17 19 16 19 15 19 14 19 13 19 12 19 11 18 10 18 9 18 8 18 7 18 6 18 5 18 4 17 3 17 2 17 1 17 0 17 
Horizon slope: -0.085173
63 9 62 9 61 9 60 9 59 9 58 9 57 10 56 10 55 11 54 12 53 13 52 14 51 15 50 16 49 17 48 18 47 19 46 18 45 17 44 17 43 17 42 17 41 17 40 17 39 17 38 17 37 17 36 17 35 17 34 16 33 15 32 15 31 14 30 15 29 14 28 14 27 15 26 15 25 15 24 14 23 15 22 15 21 16 20 17 19 18 18 19 17 19 16 19 15 19 14 19 13 19 12 19 11 18 10 18 9 18 8 18 7 18 6 18 5 18 4 17 3 17 2 17 1 17 0 17 808464432 976236602 
63 9 62 9 61 9 60 9 59 9 58 9 57 9 56 10 55 11 54 12 53 13 52 14 51 15 50 16 49 17 48 18 47 19 46 18 45 18 44 18 43 17 42 17 41 18 40 17 39 17 38 17 37 17 36 17 35 17 34 16 33 15 32 15 31 14 30 15 29 14 28 14 27 14 26 14 25 14 24 14 23 15 22 15 21 16 20 17 19 18 18 19 17 19 16 19 15 19 14 19 13 19 12 19 11 18 10 18 9 18 8 18 7 18 6 18 5 18 4 17 3 17 2 17 1 17 0 17 
Horizon slope: -0.084033
63 9 62 9 61 9 60 9 59 9 58 9 57 9 56 10 55 11 54 12 53 13 52 14 51 15 50 16 49 17 48 18 47 19 46 18 45 18 44 18 43 17 42 17 41 18 40 17 39 17 38 17 37 17 36 17 35 17 34 16 33 15 32 15 31 14 30 15 29 14 28 14 27 14 26 14 25 14 24 14 23 15 22 15 21 16 20 17 19 18 18 19 17 19 16 19 15 19 14 19 13 19 12 19 11 18 10 18 9 18 8 18 7 18 6 18 5 18 4 17 3 17 2 17 1 17 0 17 808464432 976236602 
63 9 62 9 61 9 60 9 59 9 58 9 57 9 56 10 55 10 54 10 53 11 52 12 51 13 50 14 49 15 48 16 47 17 46 18 45 18 44 18 43 17 42 17 41 17 40 17 39 17 38 17 37 17 36 17 35 17 34 16 33 15 32 15 31 14 30 15 29 15 28 15 27 15 26 15 25 15 24 15 23 15 22 15 21 16 20 17 19 18 18 19 17 19 16 19 15 19 14 19 13 19 12 19 11 18 10 18 9 18 8 18 7 18 6 18 5 18 4 17 3 17 2 17 1 17 0 17 
Horizon slope: -0.100373
63 9 62 9 61 9 60 9 59 9 58 9 57 9 56 10 55 10 54 10 53 11 52 12 51 13 50 14 49 15 48 16 47 17 46 18 45 18 44 18 43 17 42 17 41 17 40 17 39 17 38 17 37 17 36 17 35 17 34 16 33 15 32 15 31 14 30 15 29 15 28 15 27 15 26 15 25 15 24 15 23 15 22 15 21 16 20 17 19 18 18 19 17 19 16 19 15 19 14 19 13 19 12 19 11 18 10 18 9 18 8 18 7 18 6 18 5 18 4 17 3 17 2 17 1 17 0 17 808464432 976236602 
63 9 62 9 61 9 60 9 59 9 58 10 57 10 56 10 55 10 54 10 53 10 52 10 51 10 50 11 49 10 48 11 47 11 46 10 45 10 44 10 43 10 42 10 41 10 40 11 39 11 38 11 37 11 36 12 35 13 34 14 33 15 32 15 31 14 30 15 29 15 28 15 27 15 26 15 25 15 24 15 23 15 22 15 21 16 20 17 19 18 18 19 17 19 16 19 15 19 14 19 13 19 12 18 11 18 10 18 9 18 8 18 7 18 6 18 5 18 4 17 3 17 2 17 1 17 0 17 
Horizon slope: -0.151755
63 9 62 9 61 9 60 9 59 9 58 10 57 10 56 10 55 10 54 10 53 10 52 10 51 10 50 11 49 10 48 11 47 11 46 10 45 10 44 10 43 10 42 10 41 10 40 11 39 11 38 11 37 11 36 12 35 13 34 14 33 15 32 15 31 14 30 15 29 15 28 15 27 15 26 15 25 15 24 15 23 15 22 15 21 16 20 17 19 18 18 19 17 19 16 19 15 19 14 19 13 19 12 18 11 18 10 18 9 18 8 18 7 18 6 18 5 18 4 17 3 17 2 17 1 17 0 17 808464432 976236602 
63 9 62 9 61 9 60 9 59 9 58 9 57 10 56 10 55 10 54 10 53 10 52 10 51 10 50 10 49 10 48 10 47 10 46 10 45 10 44 10 43 10 42 10 41 10 40 11 39 11 38 11 37 11 36 12 35 13 34 14 33 15 32 15 31 14 30 15 29 14 28 14 27 14 26 15 25 15 24 14 23 15 22 15 21 16 20 17 19 18 18 19 17 19 16 19 15 19 14 19 13 19 12 19 11 18 10 18 9 18 8 18 7 18 6 18 5 18 4 17 3 17 2 17 1 17 0 17 
Horizon slope: -0.155344
63 9 62 9 61 9 60 9 59 9 58 9 57 10 56 10 55 10 54 10 53 10 52 10 51 10 50 10 49 10 48 10 47 10 46 10 45 10 44 10 43 10 42 10 41 10 40 11 39 11 38 11 37 11 36 12 35 13 34 14 33 15 32 15 31 14 30 15 29 14 28 14 27 14 26 15 25 15 24 14 23 15 22 15 21 16 20 17 19 18 18 19 17 19 16 19 15 19 14 19 13 19 12 19 11 18 10 18 9 18 8 18 7 18 6 18 5 18 4 17 3 17 2 17 1 17 0 17 808464432 976236602 
63 9 62 9 61 9 60 9 59 9 58 9 57 9 56 9 55 10 54 10 53 10 52 10 51 10 50 10 49 10 48 10 47 10 46 10 45 10 44 10 43 10 42 10 41 10 40 10 39 11 38 11 37 11 36 12 35 13 34 14 33 15 32 14 31 14 30 15 29 14 28 14 27 15 26 14 25 14 24 14 23 15 22 15 21 16 20 17 19 18 18 19 17 19 16 19 15 19 14 19 13 19 12 19 11 18 10 18 9 18 8 18 7 18 6 18 5 18 4 17 3 17 2 17 1 17 0 17 
Horizon slope: -0.157708
63 9 62 9 61 9 60 9 59 9 58 9 57 9 56 9 55 10 54 10 53 10 52 10 51 10 50 10 49 10 48 10 47 10 46 10 45 10 44 10 43 10 42 10 41 10 40 10 39 11 38 11 37 11 36 12 35 13 34 14 33 15 32 14 31 14 30 15 29 14 28 14 27 15 26 14 25 14 24 14 23 15 22 15 21 16 20 17 19 18 18 19 17 19 16 19 15 19 14 19 13 19 12 19 11 18 10 18 9 18 8 18 7 18 6 18 5 18 4 17 3 17 2 17 1 17 0 17 808464432 976236602 
63 9 62 9 61 9 60 9 59 9 58 9 57 9 56 10 55 10 54 10 53 10 52 10 51 10 50 10 49 10 48 10 47 10 46 10 45 10 44 10 43 10 42 10 41 10 40 11 39 11 38 11 37 11 36 12 35 13 34 14 33 15 32 15 31 14 30 15 29 15 28 15 27 15 26 15 25 15 24 15 23 15 22 15 21 16 20 17 19 18 18 19 17 19 16 19 15 19 14 19 13 19 12 19 11 18 10 18 9 18 8 18 7 18 6 18 5 18 4 17 3 17 2 17 1 17 0 17 
Horizon slope: -0.157187
63 9 62 9 61 9 60 9 59 9 58 9 57 9 56 10 55 10 54 10 53 10 52 10 51 10 50 10 49 10 48 10 47 10 46 10 45 10 44 10 43 10 42 10 41 10 40 11 39 11 38 11 37 11 36 12 35 13 34 14 33 15 32 15 31 14 30 15 29 15 28 15 27 15 26 15 25 15 24 15 23 15 22 15 21 16 20 17 19 18 18 19 17 19 16 19 15 19 14 19 13 19 12 19 11 18 10 18 9 18 8 18 7 18 6 18 5 18 4 17 3 17 2 17 1 17 0 17 808464432 976236602 
63 9 62 9 61 9 60 9 59 9 58 10 57 10 56 10 55 10 54 10 53 10 52 10 51 10 50 10 49 10 48 10 47 10 46 10 45 10 44 11 43 10 42 10 41 10 40 11 39 11 38 11 37 11 36 12 35 13 34 14 33 15 32 15 31 14 30 15 29 15 28 15 27 15 26 15 25 15 24 15 23 15 22 15 21 16 20 17 19 18 18 19 17 19 16 19 15 19 14 19 13 19 12 19 11 18 10 18 9 18 8 18 7 18 6 18 5 18 4 17 3 17 2 17 1 17 0 17 
Horizon slope: -0.154297
63 9 62 9 61 9 60 9 59 9 58 10 57 10 56 10 55 10 54 10 53 10 52 10 51 10 50 10 49 10 48 10 47 10 46 10 45 10 44 11 43 10 42 10 41 10 40 11 39 11 38 11 37 11 36 12 35 13 34 14 33 15 32 15 31 14 30 15 29 15 28 15 27 15 26 15 25 15 24 15 23 15 22 15 21 16 20 17 19 18 18 19 17 19 16 19 15 19 14 19 13 19 12 19 11 18 10 18 9 18 8 18 7 18 6 18 5 18 4 17 3 17 2 17 1 17 0 17 808464432 976236602 
63 9 62 9 61 9 60 9 59 9 58 9 57 10 56 10 55 10 54 10 53 10 52 10 51 10 50 10 49 10 48 10 47 10 46 10 45 10 44 10 43 10 42 10 41 10 40 10 39 11 38 11 37 11 36 12 35 13 34 14 33 15 32 15 31 14 30 15 29 14 28 14 27 14 26 15 25 14 24 14 23 15 22 15 21 16 20 17 19 18 18 19 17 19 16 19 15 19 14 19 13 19 12 19 11 18 10 18 9 18 8 18 7 18 6 18 5 18 4 17 3 17 2 17 1 17 0 17 
Horizon slope: -0.155475
63 9 62 9 61 9 60 9 59 9 58 9 57 10 56 10 55 10 54 10 53 10 52 10 51 10 50 10 49 10 48 10 47 10 46 10 45 10 44 10 43 10 42 10 41 10 40 10 39 11 38 11 37 11 36 12 35 13 34 14 33 15 32 15 31 14 30 15 29 14 28 14 27 14 26 15 25 14 24 14 23 15 22 15 21 16 20 17 19 18 18 19 17 19 16 19 15 19 14 19 13 19 12 19 11 18 10 18 9 18 8 18 7 18 6 18 5 18 4 17 3 17 2 17 1 17 0 17 808464432 976236602 
63 9 62 9 61 9 60 9 59 9 58 9 57 9 56 9 55 10 54 10 53 10 52 10 51 10 50 10 49 10 48 10 47 10 46 10 45 10 44 10 43 10 42 10 41 10 40 10 39 11 38 11 37 11 36 11 35 11 34 11 33 12 32 13 31 14 30 15 29 14 28 14 27 14 26 15 25 14 24 14 23 15 22 15 21 16 20 17 19 18 18 19 17 19 16 19 15 19 14 19 13 19 12 19 11 18 10 18 9 18 8 18 7 18 6 18 5 18 4 17 3 17 2 17 1 17 0 17 
Horizon slope: -0.159016
63 9 62 9 61 9 60 9 59 9 58 9 57 9 56 9 55 10 54 10 53 10 52 10 51 10 50 10 49 10 48 10 47 10 46 10 45 10 44 10 43 10 42 10 41 10 40 10 39 11 38 11 37 11 36 11 35 11 34 11 33 12 32 13 31 14 30 15 29 14 28 14 27 14 26 15 25 14 24 14 23 15 22 15 21 16 20 17 19 18 18 19 17 19 16 19 15 19 14 19 13 19 12 19 11 18 10 18 9 18 8 18 7 18 6 18 5 18 4 17 3 17 2 17 1 17 0 17 808464432 976236602 
63 9 62 9 61 9 60 9 59 9 58 10 57 10 56 10 55 10 54 10 53 10 52 10 51 10 50 11 49 10 48 10 47 10 46 10 45 10 44 11 43 10 42 10 41 10 40 11 39 11 38 11 37 11 36 12 35 13 34 14 33 15 32 15 31 14 30 15 29 15 28 15 27 15 26 15 25 15 24 15 23 15 22 15 21 16 20 17 19 18 18 19 17 19 16 19 15 19 14 19 13 19 12 19 11 18 10 18 9 18 8 18 7 18 6 18 5 18 4 17 3 17 2 17 1 17 0 17 
Horizon slope: -0.153465
63 9 62 9 61 9 60 9 59 9 58 10 57 10 56 10 55 10 54 10 53 10 52 10 51 10 50 11 49 10 48 10 47 10 46 10 45 10 44 11 43 10 42 10 41 10 40 11 39 11 38 11 37 11 36 12 35 13 34 14 33 15 32 15 31 14 30 15 29 15 28 15 27 15 26 15 25 15 24 15 23 15 22 15 21 16 20 17 19 18 18 19 17 19 16 19 15 19 14 19 13 19 12 19 11 18 10 18 9 18 8 18 7 18 6 18 5 18 4 17 3 17 2 17 1 17 0 17 808464432 976236602 
63 9 62 9 61 9 60 9 59 9 58 10 57 10 56 10 55 10 54 10 53 10 52 10 51 10 50 10 49 10 48 10 47 10 46 10 45 10 44 11 43 10 42 10 41 10 40 11 39 11 38 11 37 11 36 12 35 13 34 14 33 15 32 15 31 14 30 15 29 15 28 15 27 15 26 15 25 15 24 15 23 15 22 15 21 16 20 17 19 18 18 19 17 19 16 19 15 19 14 19 13 19 12 19 11 18 10 18 9 18 8 18 7 18 6 18 5 18 4 17 3 17 2 17 1 17 0 17 
Horizon slope: -0.154297
63 9 62 9 61 9 60 9 59 9 58 10 57 10 56 10 55 10 54 10 53 10 52 10 51 10 50 10 49 10 48 10 47 10 46 10 45 10 44 11 43 10 42 10 41 10 40 11 39 11 38 11 37 11 36 12 35 13 34 14 33 15 32 15 31 14 30 15 29 15 28 15 27 15 26 15 25 15 24 15 23 15 22 15 21 16 20 17 19 18 18 19 17 19 16 19 15 19 14 19 13 19 12 19 11 18 10 18 9 18 8 18 7 18 6 18 5 18 4 17 3 17 2 17 1 17 0 17 808464432 976236602 
63 9 62 9 61 9 60 9 59 9 58 9 57 9 56 10 55 10 54 10 53 10 52 10 51 10 50 10 49 10 48 10 47 10 46 10 45 10 44 10 43 10 42 10 41 10 40 10 39 11 38 11 37 11 36 12 35 13 34 14 33 15 32 14 31 14 30 15 29 14 28 14 27 14 26 14 25 14 24 14 23 15 22 15 21 16 20 17 19 18 18 19 17 19 16 19 15 19 14 19 13 19 12 19 11 18 10 18 9 18 8 18 7 18 6 18 5 18 4 17 3 17 2 17 1 17 0 17 
Horizon slope: -0.156437
63 9 62 9 61 9 60 9 59 9 58 9 57 9 56 10 55 10 54 10 53 10 52 10 51 10 50 10 49 10 48 10 47 10 46 10 45 10 44 10 43 10 42 10 41 10 40 10 39 11 38 11 37 11 36 12 35 13 34 14 33 15 32 14 31 14 30 15 29 14 28 14 27 14 26 14 25 14 24 14 23 15 22 15 21 16 20 17 19 18 18 19 17 19 16 19 15 19 14 19 13 19 12 19 11 18 10 18 9 18 8 18 7 18 6 18 5 18 4 17 3 17 2 17 1 17 0 17 808464432 976236602 
63 9 62 9 61 9 60 9 59 9 58 9 57 9 56 9 55 10 54 10 53 10 52 10 51 10 50 10 49 10 48 10 47 10 46 10 45 10 44 10 43 10 42 10 41 10 40 10 39 11 38 11 37 11 36 12 35 13 34 14 33 15 32 15 31 14 30 15 29 14 28 14 27 14 26 15 25 14 24 14 23 15 22 15 21 16 20 17 19 18 18 19 17 19 16 19 15 19 14 19 13 19 12 19 11 18 10 18 9 18 8 18 7 18 6 18 5 18 4 17 3 17 2 17 1 17 0 17 
Horizon slope: -0.157708
63 9 62 9 61 9 60 9 59 9 58 9 57 9 56 9 55 10 54 10 53 10 52 10 51 10 50 10 49 10 48 10 47 10 46 10 45 10 44 10 43 10 42 10 41 10 40 10 39 11 38 11 37 11 36 12 35 13 34 14 33 15 32 15 31 14 30 15 29 14 28 14 27 14 26 15 25 14 24 14 23 15 22 15 21 16 20 17 19 18 18 19 17 19 16 19 15 19 14 19 13 19 12 19 11 18 10 18 9 18 8 18 7 18 6 18 5 18 4 17 3 17 2 17 1 17 0 17 808464432 976236602 
63 9 62 9 61 9 60 9 59 9 58 10 57 10 56 10 55 10 54 10 53 10 52 10 51 10 50 10 49 10 48 10 47 10 46 10 45 11 44 11 43 10 42 10 41 11 40 11 39 11 38 11 37 11 36 12 35 13 34 14 33 15 32 15 31 14 30 15 29 15 28 15 27 15 26 15 25 15 24 15 23 15 22 15 21 16 20 17 19 18 18 19 17 19 16 19 15 19 14 19 13 19 12 19 11 18 10 18 9 18 8 18 7 18 6 18 5 18 4 18 3 17 2 17 1 17 0 17 
Horizon slope: -0.154430
63 9 62 9 61 9 60 9 59 9 58 10 57 10 56 10 55 10 54 10 53 10 52 10 51 10 50 10 49 10 48 10 47 10 46 10 45 11 44 11 43 10 42 10 41 11 40 11 39 11 38 11 37 11 36 12 35 13 34 14 33 15 32 15 31 14 30 15 29 15 28 15 27 15 26 15 25 15 24 15 23 15 22 15 21 16 20 17 19 18 18 19 17 19 16 19 15 19 14 19 13 19 12 19 11 18 10 18 9 18 8 18 7 18 6 18 5 18 4 18 3 17 2 17 1 17 0 17 808464432 976236602 
63 9 62 9 61 9 60 9 59 9 58 10 57 10 56 10 55 10 54 10 53 10 52 10 51 10 50 10 49 10 48 10 47 10 46 10 45 10 44 10 43 10 42 10 41 10 40 10 39 11 38 11 37 11 36 12 35 13 34 14 33 15 32 15 31 14 30 15 29 15 28 15 27 15 26 15 25 14 24 14 23 15 22 15 21 16 20 17 19 18 18 19 17 19 16 19 15 19 14 19 13 19 12 19 11 18 10 18 9 18 8 18 7 18 6 18 5 18 4 17 3 17 2 17 1 17 0 17 
Horizon slope: -0.154688
63 9 62 9 61 9 60 9 59 9 58 10 57 10 56 10 55 10 54 10 53 10 52 10 51 10 50 10 49 10 48 10 47 10 46 10 45 10 44 10 43 10 42 10 41 10 40 10 39 11 38 11 37 11 36 12 35 13 34 14 33 15 32 15 31 14 30 15 29 15 28 15 27 15 26 15 25 14 24 14 23 15 22 15 21 16 20 17 19 18 18 19 17 19 16 19 15 19 14 19 13 19 12 19 11 18 10 18 9 18 8 18 7 18 6 18 5 18 4 17 3 17 2 17 1 17 0 17 808464432 976236602 
63 9 62 9 61 9 60 9 59 9 58 9 57 9 56 10 55 10 54 10 53 10 52 10 51 10 50 10 49 10 48 10 47 10 46 10 45 10 44 10 43 10 42 10 41 10 40 10 39 11 38 11 37 11 36 12 35 13 34 14 33 15 32 14 31 14 30 15 29 14 28 14 27 14 26 14 25 14 24 14 23 15 22 15 21 16 20 17 19 18 18 19 17 19 16 19 15 19 14 19 13 19 12 19 11 18 10 18 9 18 8 18 7 18 6 18 5 18 4 17 3 17 2 17 1 17 0 17 
Horizon slope: -0.156437
63 9 62 9 61 9 60 9 59 9 58 9 57 9 56 10 55 10 54 10 53 10 52 10 51 10 50 10 49 10 48 10 47 10 46 10 45 10 44 10 43 10 42 10 41 10 40 10 39 11 38 11 37 11 36 12 35 13 34 14 33 15 32 14 31 14 30 15 29 14 28 14 27 14 26 14 25 14 24 14 23 15 22 15 21 16 20 17 19 18 18 19 17 19 16 19 15 19 14 19 13 19 12 19 11 18 10 18 9 18 8 18 7 18 6 18 5 18 4 17 3 17 2 17 1 17 0 17 808464432 976236602 
63 9 62 9 61 9 60 9 59 9 58 9 57 9 56 10 55 10 54 10 53 10 52 10 51 10 50 10 49 10 48 10 47 10 46 10 45 10 44 10 43 10 42 10 41 10 40 11 39 11 38 11 37 11 36 12 35 13 34 14 33 15 32 15 31 14 30 15 29 15 28 15 27 15 26 15 25 15 24 14 23 15 22 15 21 16 20 17 19 18 18 19 17 19 16 19 15 19 14 19 13 19 12 19 11 18 10 18 9 18 8 18 7 18 6 18 5 18 4 17 3 17 2 17 1 17 0 17 
Horizon slope: -0.156880
63 9 62 9 61 9 60 9 59 9 58 9 57 9 56 10 55 10 54 10 53 10 52 10 51 10 50 10 49 10 48 10 47 10 46 10 45 10 44 10 43 10 42 10 41 10 40 11 39 11 38 11 37 11 36 12 35 13 34 14 33 15 32 15 31 14 30 15 29 15 28 15 27 15 26 15 25 15 24 14 23 15 22 15 21 16 20 17 19 18 18 19 17 19 16 19 15 19 14 19 13 19 12 19 11 18 10 18 9 18 8 18 7 18 6 18 5 18 4 17 3 17 2 17 1 17 0 17 808464432 976236602 
63 9 62 9 61 9 60 9 59 9 58 10 57 10 56 10 55 10 54 10 53 10 52 10 51 10 50 10 49 10 48 10 47 10 46 11 45 11 44 11 43 10 42 10 41 10 40 11 39 11 38 11 37 11 36 12 35 13 34 14 33 15 32 15 31 14 30 15 29 15 28 15 27 15 26 15 25 15 24 15 23 15 22 15 21 16 20 17 19 18 18 19 17 19 16 19 15 19 14 19 13 19 12 19 11 18 10 18 9 18 8 18 7 18 6 18 5 18 4 17 3 17 2 17 1 17 0 17 
Horizon slope: -0.153027
63 9 62 9 61 9 60 9 59 9 58 10 57 10 56 10 55 10 54 10 53 10 52 10 51 10 50 10 49 10 48 10 47 10 46 11 45 11 44 11 43 10 42 10 41 10 40 11 39 11 38 11 37 11 36 12 35 13 34 14 33 15 32 15 31 14 30 15 29 15 28 15 27 15 26 15 25 15 24 15 23 15 22 15 21 16 20 17 19 18 18 19 17 19 16 19 15 19 14 19 13 19 12 19 11 18 10 18 9 18 8 18 7 18 6 18 5 18 4 17 3 17 2 17 1 17 0 17 808464432 976236602 
63 9 62 9 61 9 60 9 59 9 58 9 57 10 56 10 55 10 54 10 53 10 52 10 51 10 50 10 49 10 48 10 47 10 46 10 45 10 44 10 43 10 42 10 41 10 40 10 39 11 38 11 37 11 36 12 35 13 34 14 33 15 32 15 31 14 30 15 29 15 28 14 27 15 26 15 25 14 24 14 23 15 22 15 21 16 20 17 19 18 18 19 17 19 16 19 15 19 14 19 13 19 12 19 11 18 10 18 9 18 8 18 7 18 6 18 5 18 4 17 3 17 2 17 1 17 0 17 
Horizon slope: -0.155739
63 9 62 9 61 9 60 9 59 9 58 9 57 10 56 10 55 10 54 10 53 10 52 10 51 10 50 10 49 10 48 10 47 10 46 10 45 10 44 10 43 10 42 10 41 10 40 10 39 11 38 11 37 11 36 12 35 13 34 14 33 15 32 15 31 14 30 15 29 15 28 14 27 15 26 15 25 14 24 14 23 15 22 15 21 16 20 17 19 18 18 19 17 19 16 19 15 19 14 19 13 19 12 19 11 18 10 18 9 18 8 18 7 18 6 18 5 18 4 17 3 17 2 17 1 17 0 17 808464432 976236602 
63 9 62 9 61 9 60 9 59 9 58 9 57 9 56 9 55 10 54 10 53 10 52 10 51 10 50 10 49 10 48 10 47 10 46 10 45 10 44 10 43 10 42 10 41 10 40 10 39 11 38 11 37 11 36 12 35 13 34 14 33 15 32 15 31 14 30 15 29 15 28 14 27 14 26 15 25 14 24 14 23 15 22 15 21 16 20 17 19 18 18 19 17 19 16 19 15 19 14 19 13 19 12 19 11 18 10 18 9 18 8 18 7 18 6 18 5 18 4 17 3 17 2 17 1 17 0 17 
Horizon slope: -0.157797
63 9 62 9 61 9 60 9 59 9 58 9 57 9 56 9 55 10 54 10 53 10 52 10 51 10 50 10 49 10 48 10 47 10 46 10 45 10 44 10 43 10 42 10 41 10 40 10 39 11 38 11 37 11 36 12 35 13 34 14 33 15 32 15 31 14 30 15 29 15 28 14 27 14 26 15 25 14 24 14 23 15 22 15 21 16 20 17 19 18 18 19 17 19 16 19 15 19 14 19 13 19 12 19 11 18 10 18 9 18 8 18 7 18 6 18 5 18 4 17 3 17 2 17 1 17 0 17 808464432 976236602 
63 9 62 9 61 9 60 9 59 9 58 9 57 10 56 10 55 10 54 10 53 10 52 10 51 10 50 11 49 10 48 10 47 10 46 10 45 10 44 10 43 10 42 10 41 10 40 11 39 11 38 11 37 11 36 12 35 13 34 14 33 15 32 15 31 14 30 15 29 15 28 15 27 15 26 15 25 15 24 15 23 15 22 15 21 16 20 17 19 18 18 19 17 19 16 19 15 19 14 19 13 19 12 19 11 18 10 18 9 18 8 18 7 18 6 18 5 18 4 17 3 17 2 17 1 17 0 17 
Horizon slope: -0.155216
63 9 62 9 61 9 60 9 59 9 58 9 57 10 56 10 55 10 54 10 53 10 52 10 51 10 50 11 49 10 48 10 47 10 46 10 45 10 44 10 43 10 42 10 41 10 40 11 39 11 38 11 37 11 36 12 35 13 34 14 33 15 32 15 31 14 30 15 29 15 28 15 27 15 26 15 25 15 24 15 23 15 22 15 21 16 20 17 19 18 18 19 17 19 16 19 15 19 14 19 13 19 12 19 11 18 10 18 9 18 8 18 7 18 6 18 5 18 4 17 3 17 2 17 1 17 0 17 808464432 976236602 
63 9 62 9 61 9 60 9 59 9 58 10 57 10 56 10 55 10 54 10 53 10 52 10 51 10 50 11 49 10 48 10 47 10 46 10 45 10 44 10 43 10 42 10 41 10 40 11 39 11 38 11 37 11 36 12 35 13 34 14 33 15 32 15 31 14 30 15 29 15 28 15 27 15 26 15 25 15 24 15 23 15 22 15 21 16 20 17 19 18 18 19 17 19 16 19 15 19 14 19 13 19 12 19 11 18 10 18 9 18 8 18 7 18 6 18 5 18 4 17 3 17 2 17 1 17 0 17 
Horizon slope: -0.154034
63 9 62 9 61 9 60 9 59 9 58 10 57 10 56 10 55 10 54 10 53 10 52 10 51 10 50 11 49 10 48 10 47 10 46 10 45 10 44 10 43 10 42 10 41 10 40 11 39 11 38 11 37 11 36 12 35 13 34 14 33 15 32 15 31 14 30 15 29 15 28 15 27 15 26 15 25 15 24 15 23 15 22 15 21 16 20 17 19 18 18 19 17 19 16 19 15 19 14 19 13 19 12 19 11 18 10 18 9 18 8 18 7 18 6 18 5 18 4 17 3 17 2 17 1 17 0 17 808464432 976236602 
63 9 62 9 61 9 60 9 59 9 58 9 57 10 56 10 55 10 54 10 53 10 52 10 51 10 50 10 49 10 48 10 47 10 46 10 45 10 44 10 43 10 42 10 41 10 40 11 39 11 38 11 37 11 36 12 35 13 34 14 33 15 32 15 31 14 30 15 29 15 28 14 27 14 26 14 25 14 24 14 23 15 22 15 21 16 20 17 19 18 18 19 17 19 16 19 15 19 14 19 13 19 12 19 11 18 10 18 9 18 8 18 7 18 6 18 5 18 4 17 3 17 2 17 1 17 0 17 
Horizon slope: -0.154949
63 9 62 9 61 9 60 9 59 9 58 9 57 10 56 10 55 10 54 10 53 10 52 10 51 10 50 10 49 10 48 10 47 10 46 10 45 10 44 10 43 10 42 10 41 10 40 11 39 11 38 11 37 11 36 12 35 13 34 14 33 15 32 15 31 14 30 15 29 15 28 14 27 14 26 14 25 14 24 14 23 15 22 15 21 16 20 17 19 18 18 19 17 19 16 19 15 19 14 19 13 19 12 19 11 18 10 18 9 18 8 18 7 18 6 18 5 18 4 17 3 17 2 17 1 17 0 17 808464432 976236602 
63 9 62 9 61 9 60 9 59 9 58 9 57 9 56 9 55 10 54 10 53 10 52 10 51 10 50 10 49 10 48 10 47 10 46 10 45 10 44 10 43 10 42 10 41 10 40 10 39 11 38 11 37 11 36 12 35 13 34 14 33 15 32 15 31 14 30 15 29 15 28 14 27 14 26 14 25 14 24 14 23 15 22 15 21 16 20 17 19 18 18 19 17 19 16 19 15 19 14 19 13 19 12 19 11 18 10 18 9 18 8 18 7 18 6 18 5 18 4 17 3 17 2 17 1 17 0 17 
Horizon slope: -0.157577
63 9 62 9 61 9 60 9 59 9 58 9 57 9 56 9 55 10 54 10 53 10 52 10 51 10 50 10 49 10 48 10 47 10 46 10 45 10 44 10 43 10 42 10 41 10 40 10 39 11 38 11 37 11 36 12 35 13 34 14 33 15 32 15 31 14 30 15 29 15 28 14 27 14 26 14 25 14 24 14 23 15 22 15 21 16 20 17 19 18 18 19 17 19 16 19 15 19 14 19 13 19 12 19 11 18 10 18 9 18 8 18 7 18 6 18 5 18 4 17 3 17 2 17 1 17 0 17 808464432 976236602 
63 9 62 9 61 9 60 9 59 9 58 10 57 10 56 10 55 10 54 10 53 10 52 10 51 10 50 11 49 11 48 11 47 11 46 10 45 10 44 10 43 10 42 10 41 10 40 11 39 11 38 11 37 11 36 12 35 13 34 14 33 15 32 15 31 14 30 15 29 15 28 15 27 15 26 15 25 15 24 15 23 15 22 15 21 16 20 17 19 18 18 19 17 19 16 19 15 19 14 19 13 19 12 19 11 18 10 18 9 18 8 18 7 18 6 18 5 18 4 17 3 17 2 17 1 17 0 17 
Horizon slope: -0.151801
63 9 62 9 61 9 60 9 59 9 58 10 57 10 56 10 55 10 54 10 53 10 52 10 51 10 50 11 49 11 48 11 47 11 46 10 45 10 44 10 43 10 42 10 41 10 40 11 39 11 38 11 37 11 36 12 35 13 34 14 33 15 32 15 31 14 30 15 29 15 28 15 27 15 26 15 25 15 24 15 23 15 22 15 21 16 20 17 19 18 18 19 17 19 16 19 15 19 14 19 13 19 12 19 11 18 10 18 9 18 8 18 7 18 6 18 5 18 4 17 3 17 2 17 1 17 0 17 808464432 976236602 
63 9 62 9 61 9 60 9 59 9 58 10 57 10 56 10 55 10 54 10 53 10 52 10 51 10 50 10 49 10 48 10 47 10 46 10 45 10 44 10 43 10 42 10 41 10 40 11 39 11 38 11 37 11 36 12 35 13 34 14 33 15 32 15 31 14 30 15 29 15 28 15 27 15 26 15 25 14 24 15 23 15 22 15 21 16 20 17 19 18 18 19 17 19 16 19 15 19 14 19 13 19 12 19 11 18 10 18 9 18 8 18 7 18 6 18 5 18 4 17 3 17 2 17 1 17 0 17 
Horizon slope: -0.154602
63 9 62 9 61 9 60 9 59 9 58 10 57 10 56 10 55 10 54 10 53 10 52 10 51 10 50 10 49 10 48 10 47 10 46 10 45 10 44 10 43 10 42 10 41 10 40 11 39 11 38 11 37 11 36 12 35 13 34 14 33 15 32 15 31 14 30 15 29 15 28 15 27 15 26 15 25 14 24 15 23 15 22 15 21 16 20 17 19 18 18 19 17 19 16 19 15 19 14 19 13 19 12 19 11 18 10 18 9 18 8 18 7 18 6 18 5 18 4 17 3 17 2 17 1 17 0 17 808464432 976236602 
63 9 62 9 61 9 60 9 59 9 58 9 57 10 56 10 55 10 54 10 53 10 52 10 51 10 50 10 49 10 48 10 47 10 46 10 45 10 44 10 43 10 42 10 41 10 40 10 39 11 38 11 37 11 36 12 35 13 34 14 33 15 32 15 31 14 30 15 29 14 28 14 27 14 26 14 25 14 24 14 23 15 22 15 21 16 20 17 19 18 18 19 17 19 16 19 15 19 14 19 13 19 12 19 11 18 10 18 9 18 8 18 7 18 6 18 5 18 4 17 3 17 2 17 1 17 0 17 
Horizon slope: -0.155255
63 9 62 9 61 9 60 9 59 9 58 9 57 10 56 10 55 10 54 10 53 10 52 10 51 10 50 10 49 10 48 10 47 10 46 10 45 10 44 10 43 10 42 10 41 10 40 10 39 11 38 11 37 11 36 12 35 13 34 14 33 15 32 15 31 14 30 15 29 14 28 14 27 14 26 14 25 14 24 14 23 15 22 15 21 16 20 17 19 18 18 19 17 19 16 19 15 19 14 19 13 19 12 19 11 18 10 18 9 18 8 18 7 18 6 18 5 18 4 17 3 17 2 17 1 17 0 17 808464432 976236602 
63 9 62 9 61 9 60 9 59 9 58 9 57 9 56 9 55 10 54 10 53 10 52 10 51 10 50 10 49 10 48 10 47 10 46 10 45 10 44 10 43 10 42 10 41 10 40 11 39 11 38 11 37 11 36 12 35 13 34 14 33 15 32 15 31 14 30 15 29 15 28 15 27 15 26 15 25 15 24 15 23 15 22 15 21 16 20 17 19 18 18 19 17 19 16 19 15 19 14 19 13 19 12 18 11 18 10 18 9 18 8 18 7 18 6 18 5 18 4 17 3 17 2 17 1 17 0 17 
Horizon slope: -0.157449
63 9 62 9 61 9 60 9 59 9 58 9 57 9 56 9 55 10 54 10 53 10 52 10 51 10 50 10 49 10 48 10 47 10 46 10 45 10 44 10 43 10 42 10 41 10 40 11 39 11 38 11 37 11 36 12 35 13 34 14 33 15 32 15 31 14 30 15 29 15 28 15 27 15 26 15 25 15 24 15 23 15 22 15 21 16 20 17 19 18 18 19 17 19 16 19 15 19 14 19 13 19 12 18 11 18 10 18 9 18 8 18 7 18 6 18 5 18 4 17 3 17 2 17 1 17 0 17 808464432 976236602 
63 9 62 9 61 9 60 9 59 9 58 10 57 10 56 10 55 10 54 10 53 10 52 10 51 10 50 10 49 10 48 10 47 10 46 10 45 10 44 11 43 10 42 10 41 11 40 11 39 11 38 11 37 11 36 12 35 13 34 14 33 15 32 15 31 14 30 15 29 15 28 15 27 15 26 15 25 15 24 15 23 15 22 15 21 16 20 17 19 18 18 19 17 19 16 19 15 19 14 19 13 19 12 19 11 18 10 18 9 18 8 18 7 18 6 18 5 18 4 17 3 17 2 17 1 17 0 17 
Horizon slope: -0.153859
63 9 62 9 61 9 60 9 59 9 58 10 57 10 56 10 55 10 54 10 53 10 52 10 51 10 50 10 49 10 48 10 47 10 46 10 45 10 44 11 43 10 42 10 41 11 40 11 39 11 38 11 37 11 36 12 35 13 34 14 33 15 32 15 31 14 30 15 29 15 28 15 27 15 26 15 25 15 24 15 23 15 22 15 21 16 20 17 19 18 18 19 17 19 16 19 15 19 14 19 13 19 12 19 11 18 10 18 9 18 8 18 7 18 6 18 5 18 4 17 3 17 2 17 1 17 0 17 808464432 976236602 
63 9 62 9 61 9 60 9 59 9 58 10 57 10 56 10 55 10 54 10 53 10 52 10 51 10 50 10 49 10 48 10 47 10 46 10 45 10 44 10 43 10 42 10 41 10 40 10 39 11 38 11 37 11 36 12 35 13 34 14 33 15 32 15 31 14 30 15 29 15 28 15 27 15 26 15 25 14 24 14 23 15 22 15 21 16 20 17 19 18 18 19 17 19 16 19 15 19 14 19 13 19 12 19 11 18 10 18 9 18 8 18 7 18 6 18 5 18 4 17 3 17 2 17 1 17 0 17 
Horizon slope: -0.154688
63 9 62 9 61 9 60 9 59 9 58 10 57 10 56 10 55 10 54 10 53 10 52 10 51 10 50 10 49 10 48 10 47 10 46 10 45 10 44 10 43 10 42 10 41 10 40 10 39 11 38 11 37 11 36 12 35 13 34 14 33 15 32 15 31 14 30 15 29 15 28 15 27 15 26 15 25 14 24 14 23 15 22 15 21 16 20 17 19 18 18 19 17 19 16 19 15 19 14 19 13 19 12 19 11 18 10 18 9 18 8 18 7 18 6 18 5 18 4 17 3 17 2 17 1 17 0 17 808464432 976236602 
63 9 62 10 61 10 60 10 59 10 58 10 57 10 56 10 55 10 54 10 53 10 52 10 51 10 50 10 49 10 48 10 47 10 46 10 45 11 44 11 43 11 42 11 41 11 40 12 39 13 38 14 37 14 36 15 35 15 34 14 33 15 32 14 31 14 30 15 29 15 28 15 27 15 26 15 25 16 24 17 23 18 22 19 21 19 20 20 19 20 18 19 17 19 16 19 15 19 14 19 13 19 12 19 11 18 10 18 9 18 8 18 7 18 6 18 5 18 4 18 3 17 2 17 1 17 0 17 
Horizon slope: -0.151825
63 9 62 10 61 10 60 10 59 10 58 10 57 10 56 10 55 10 54 10 53 10 52 10 51 10 50 10 49 10 48 10 47 10 46 10 45 11 44 11 43 11 42 11 41 11 40 12 39 13 38 14 37 14 36 15 35 15 34 14 33 15 32 14 31 14 30 15 29 15 28 15 27 15 26 15 25 16 24 17 23 18 22 19 21 19 20 20 19 20 18 19 17 19 16 19 15 19 14 19 13 19 12 19 11 18 10 18 9 18 8 18 7 18 6 18 5 18 4 18 3 17 2 17 1 17 0 17 808464432 976236602 
63 11 62 11 61 11 60 11 59 11 58 11 57 12 56 12 55 12 54 13 53 14 52 15 51 16 50 17 49 16 48 16 47 16 46 16 45 16 44 16 43 17 42 17 41 17 40 17 39 16 38 17 37 18 36 19 35 20 34 21 33 21 32 21 31 21 30 21 29 21 28 21 27 21 26 21 25 21 24 21 23 21 22 21 21 20 20 20 19 20 18 20 17 20 16 20 15 20 14 20 13 20 12 20 11 20 10 20 9 19 8 19 7 19 6 19 5 19 4 19 3 19 2 19 1 19 0 19 
Horizon slope: -0.107264
63 11 62 11 61 11 60 11 59 11 58 11 57 12 56 12 55 12 54 13 53 14 52 15 51 16 50 17 49 16 48 16 47 16 46 16 45 16 44 16 43 17 42 17 41 17 40 17 39 16 38 17 37 18 36 19 35 20 34 21 33 21 32 21 31 21 30 21 29 21 28 21 27 21 26 21 25 21 24 21 23 21 22 21 21 20 20 20 19 20 18 20 17 20 16 20 15 20 14 20 13 20 12 20 11 20 10 20 9 19 8 19 7 19 6 19 5 19 4 19 3 19 2 19 1 19 0 19 808464432 976236602 
63 16 62 16 61 16 60 15 59 14 58 13 57 13 56 13 55 13 54 13 53 13 52 13 51 13 50 13 49 13 48 13 47 14 46 13 45 14 44 15 43 16 42 17 41 17 40 18 39 18 38 18 37 18 36 18 35 18 34 17 33 17 32 17 31 17 30 17 29 17 28 17 27 17 26 17 25 17 24 17 23 17 22 17 21 17 20 16 19 16 18 16 17 16 16 16 15 16 14 16 13 16 12 16 11 16 10 16 9 16 8 16 7 16 6 16 5 15 4 15 3 15 2 15 1 15 0 15 
Horizon slope: -0.009266
63 16 62 16 61 16 60 15 59 14 58 13 57 13 56 13 55 13 54 13 53 13 52 13 51 13 50 13 49 13 48 13 47 14 46 13 45 14 44 15 43 16 42 17 41 17 40 18 39 18 38 18 37 18 36 18 35 18 34 17 33 17 32 17 31 17 30 17 29 17 28 17 27 17 26 17 25 17 24 17 23 17 22 17 21 17 20 16 19 16 18 16 17 16 16 16 15 16 14 16 13 16 12 16 11 16 10 16 9 16 8 16 7 16 6 16 5 15 4 15 3 15 2 15 1 15 0 15 808464432 976236602 
63 24 62 24 61 24 60 24 59 24 58 23 57 23 56 23 55 23 54 23 53 23 52 23 51 23 50 22 49 22 48 22 47 22 46 22 45 22 44 22 43 21 42 21 41 21 40 21 39 21 38 21 37 21 36 21 35 20 34 20 33 20 32 20 31 20 30 20 29 20 28 20 27 19 26 19 25 19 24 19 23 19 22 19 21 19 20 19 19 18 18 18 17 18 16 18 15 18 14 18 13 18 12 18 11 17 10 17 9 17 8 17 7 17 6 17 5 17 4 16 3 16 2 16 1 16 0 16 
Horizon slope: 0.151084
63 24 62 24 61 24 60 24 59 24 58 23 57 23 56 23 55 23 54 23 53 23 52 23 51 23 50 22 49 22 48 22 47 22 46 22 45 22 44 22 43 21 42 21 41 21 40 21 39 21 38 21 37 21 36 21 35 20 34 20 33 20 32 20 31 20 30 20 29 20 28 20 27 19 26 19 25 19 24 19 23 19 22 19 21 19 20 19 19 18 18 18 17 18 16 18 15 18 14 18 13 18 12 18 11 17 10 17 9 17 8 17 7 17 6 17 5 17 4 16 3 16 2 16 1 16 0 16 808464432 976236602 
63 36 62 36 61 36 60 36 59 36 58 36 57 36 56 36 55 35 54 35 53 35 52 35 51 35 50 35 49 35 48 34 47 34 46 34 45 34 44 34 43 34 42 34 41 34 40 33 39 33 38 33 37 33 36 33 35 33 34 33 33 32 32 32 31 32 30 32 29 32 28 32 27 32 26 31 25 31 24 31 23 31 22 31 21 31 20 31 19 30 18 30 17 30 16 30 15 30 14 30 13 29 12 29 11 29 10 29 9 29 8 29 7 29 6 28 5 28 4 28 3 28 2 28 1 28 0 28 
Horizon slope: 0.177866
63 36 62 36 61 36 60 36 59 36 58 36 57 36 56 36 55 35 54 35 53 35 52 35 51 35 50 35 49 35 48 34 47 34 46 34 45 34 44 34 43 34 42 34 41 34 40 33 39 33 38 33 37 33 36 33 35 33 34 33 33 32 32 32 31 32 30 32 29 32 28 32 27 32 26 31 25 31 24 31 23 31 22 31 21 31 20 31 19 30 18 30 17 30 16 30 15 30 14 30 13 29 12 29 11 29 10 29 9 29 8 29 7 29 6 28 5 28 4 28 3 28 2 28 1 28 0 28 808464432 976236602 
63 39 62 39 61 39 60 38 59 38 58 38 57 38 56 38 55 38 54 38 53 38 52 37 51 37 50 37 49 37 48 37 47 37 46 37 45 37 44 37 43 37 42 37 41 37 40 37 39 37 38 37 37 37 36 36 35 36 34 36 33 36 32 36 31 36 30 36 29 36 28 36 27 36 26 36 25 36 24 36 23 36 22 35 21 35 20 35 19 35 18 35 17 35 16 35 15 35 14 35 13 35 12 35 11 35 10 36 9 37 8 38 7 38 6 39 5 39 4 39 3 40 2 39 1 38 0 37 
Horizon slope: 0.068052
63 39 62 39 61 39 60 38 59 38 58 38 57 38 56 38 55 38 54 38 53 38 52 37 51 37 50 37 49 37 48 37 47 37 46 37 45 37 44 37 43 37 42 37 41 37 40 37 39 37 38 37 37 37 36 36 35 36 34 36 33 36 32 36 31 36 30 36 29 36 28 36 27 36 26 36 25 36 24 36 23 36 22 35 21 35 20 35 19 35 18 35 17 35 16 35 15 35 14 35 13 35 12 35 11 35 10 36 9 37 8 38 7 38 6 39 5 39 4 39 3 40 2 39 1 38 0 37 808464432 976236602 
63 37 62 37 61 37 60 36 59 36 58 36 57 36 56 36 55 36 54 36 53 36 52 36 51 36 50 36 49 35 48 35 47 35 46 35 45 35 44 35 43 35 42 35 41 35 40 35 39 34 38 34 37 34 36 34 35 34 34 34 33 34 32 34 31 34 30 34 29 35 28 35 27 36 26 37 25 37 24 37 23 37 22 38 21 38 20 38 19 38 18 38 17 37 16 37 15 36 14 35 13 34 12 34 11 34 10 34 9 34 8 35 7 34 6 33 5 33 4 34 3 33 2 32 1 32 0 32 
Horizon slope: 0.078202
63 37 62 37 61 37 60 36 59 36 58 36 57 36 56 36 55 36 54 36 53 36 52 36 51 36 50 36 49 35 48 35 47 35 46 35 45 35 44 35 43 35 42 35 41 35 40 35 39 34 38 34 37 34 36 34 35 34 34 34 33 34 32 34 31 34 30 34 29 35 28 35 27 36 26 37 25 37 24 37 23 37 22 38 21 38 20 38 19 38 18 38 17 37 16 37 15 36 14 35 13 34 12 34 11 34 10 34 9 34 8 35 7 34 6 33 5 33 4 34 3 33 2 32 1 32 0 32 808464432 976236602 
63 32 62 32 61 32 60 32 59 32 58 32 57 32 56 31 55 31 54 31 53 32 52 32 51 32 50 33 49 34 48 34 47 34 46 34 45 35 44 35 43 35 42 36 41 35 40 34 39 33 38 32 37 31 36 31 35 31 34 31 33 31 32 32 31 33 30 34 29 33 28 32 27 31 26 30 25 31 24 30 23 30 22 30 21 30 20 30 19 29 18 29 17 29 16 29 15 29 14 28 13 28 12 28 11 28 10 28 9 29 8 29 7 29 6 30 5 31 4 30 3 29 2 28 1 27 0 26 
Horizon slope: 0.124397
63 32 62 32 61 32 60 32 59 32 58 32 57 32 56 31 55 31 54 31 53 32 52 32 51 32 50 33 49 34 48 34 47 34 46 34 45 35 44 35 43 35 42 36 41 35 40 34 39 33 38 32 37 31 36 31 35 31 34 31 33 31 32 32 31 33 30 34 29 33 28 32 27 31 26 30 25 31 24 30 23 30 22 30 21 30 20 30 19 29 18 29 17 29 16 29 15 29 14 28 13 28 12 28 11 28 10 28 9 29 8 29 7 29 6 30 5 31 4 30 3 29 2 28 1 27 0 26 808464432 976236602 
63 34 62 34 61 34 60 34 59 34 58 34 57 34 56 34 55 34 54 34 53 34 52 34 51 34 50 35 49 36 48 36 47 36 46 37 45 37 44 37 43 36 42 35 41 34 40 34 39 33 38 33 37 33 36 33 35 33 34 33 33 34 32 35 31 36 30 37 29 36 28 35 27 34 26 34 25 34 24 33 23 33 22 33 21 33 20 33 19 33 18 32 17 32 16 32 15 32 14 32 13 32 12 32 11 32 10 32 9 32 8 33 7 34 6 35 5 35 4 36 3 35 2 34 1 33 0 32 
Horizon slope: 0.073786
63 34 62 34 61 34 60 34 59 34 58 34 57 34 56 34 55 34 54 34 53 34 52 34 51 34 50 35 49 36 48 36 47 36 46 37 45 37 44 37 43 36 42 35 41 34 40 34 39 33 38 33 37 33 36 33 35 33 34 33 33 34 32 35 31 36 30 37 29 36 28 35 27 34 26 34 25 34 24 33 23 33 22 33 21 33 20 33 19 33 18 32 17 32 16 32 15 32 14 32 13 32 12 32 11 32 10 32 9 32 8 33 7 34 6 35 5 35 4 36 3 35 2 34 1 33 0 32 808464432 976236602 
63 40 62 40 61 40 60 40 59 40 58 39 57 39 56 39 55 39 54 39 53 39 52 39 51 39 50 39 49 39 48 39 47 39 46 39 45 39 44 39 43 39 42 39 41 39 40 40 39 40 38 40 37 41 36 41 35 41 34 42 33 42 32 41 31 41 30 40 29 39 28 38 27 38 26 38 25 38 24 39 23 39 22 40 21 41 20 42 19 41 18 40 17 39 16 38 15 39 14 39 13 38 12 38 11 38 10 38 9 38 8 38 7 38 6 38 5 38 4 38 3 38 2 38 1 38 0 37 
Horizon slope: 0.076144
63 40 62 40 61 40 60 40 59 40 58 39 57 39 56 39 55 39 54 39 53 39 52 39 51 39 50 39 49 39 48 39 47 39 46 39 45 39 44 39 43 39 42 39 41 39 40 40 39 40 38 40 37 41 36 41 35 41 34 42 33 42 32 41 31 41 30 40 29 39 28 38 27 38 26 38 25 38 24 39 23 39 22 40 21 41 20 42 19 41 18 40 17 39 16 38 15 39 14 39 13 38 12 38 11 38 10 38 9 38 8 38 7 38 6 38 5 38 4 38 3 38 2 38 1 38 0 37 808464432 976236602 
63 44 62 44 61 44 60 44 59 44 58 44 57 44 56 44 55 44 54 43 53 43 52 43 51 43 50 43 49 43 48 43 47 43 46 43 45 43 44 43 43 43 42 43 41 43 40 43 39 43 38 43 37 43 36 43 35 43 34 42 33 42 32 43 31 43 30 43 29 43 28 43 27 44 26 44 25 44 24 45 23 45 22 45 21 46 20 45 19 44 18 43 17 42 16 42 15 42 14 42 13 42 12 43 11 43 10 44 9 45 8 44 7 43 6 42 5 41 4 40 3 39 2 38 1 37 0 36 
Horizon slope: 0.098951
63 44 62 44 61 44 60 44 59 44 58 44 57 44 56 44 55 44 54 43 53 43 52 43 51 43 50 43 49 43 48 43 47 43 46 43 45 43 44 43 43 43 42 43 41 43 40 43 39 43 38 43 37 43 36 43 35 43 34 42 33 42 32 43 31 43 30 43 29 43 28 43 27 44 26 44 25 44 24 45 23 45 22 45 21 46 20 45 19 44 18 43 17 42 16 42 15 42 14 42 13 42 12 43 11 43 10 44 9 45 8 44 7 43 6 42 5 41 4 40 3 39 2 38 1 37 0 36 808464432 976236602 

Horizon slope: -nan

Horizon slope: -nan

Horizon slope: -nan

Horizon slope: -nan

Horizon slope: -nan

Horizon slope: -nan

Horizon slope: -nan
63 23 62 23 61 23 60 23 59 23 58 23 57 23 56 23 55 23 54 24 53 24 52 24 51 24 50 24 49 24 48 24 47 24 46 25 45 25 44 25 43 25 42 25 41 25 40 25 39 25 38 26 37 26 36 26 35 26 34 26 33 26 32 26 31 26 30 26 29 27 28 28 27 29 26 30 25 30 24 31 23 31 22 31 21 31 20 31 19 31 18 31 17 32 16 32 15 32 14 31 13 30 12 29 11 29 10 29 9 30 8 30 7 30 6 30 5 31 4 31 3 31 2 31 1 31 0 31 
Horizon slope: -0.114250
63 23 62 23 61 23 60 23 59 23 58 23 57 23 56 23 55 23 54 24 53 24 52 24 51 24 50 24 49 24 48 24 47 24 46 25 45 25 44 25 43 25 42 25 41 25 40 25 39 25 38 26 37 26 36 26 35 26 34 26 33 26 32 26 31 26 30 26 29 27 28 28 27 29 26 30 25 30 24 31 23 31 22 31 21 31 20 31 19 31 18 31 17 32 16 32 15 32 14 31 13 30 12 29 11 29 10 29 9 30 8 30 7 30 6 30 5 31 4 31 3 31 2 31 1 31 0 31 808464432 976236602 

Horizon slope: -nan
63 26 62 26 61 26 60 26 59 26 58 26 57 26 56 26 55 26 54 27 53 26 52 27 51 27 50 27 49 27 48 27 47 27 46 27 45 27 44 27 43 27 42 27 41 27 40 28 39 28 38 28 37 28 36 28 35 28 34 28 33 28 32 28 31 29 30 28 29 28 28 29 27 29 26 29 25 29 24 29 23 30 22 30 21 30 20 29 19 28 18 27 17 28 16 29 15 29 14 29 13 29 12 30 11 30 10 30 9 30 8 30 7 30 6 30 5 29 4 28 3 27 2 26 1 27 0 28 
Horizon slope: -0.010934
63 26 62 26 61 26 60 26 59 26 58 26 57 26 56 26 55 26 54 27 53 26 52 27 51 27 50 27 49 27 48 27 47 27 46 27 45 27 44 27 43 27 42 27 41 27 40 28 39 28 38 28 37 28 36 28 35 28 34 28 33 28 32 28 31 29 30 28 29 28 28 29 27 29 26 29 25 29 24 29 23 30 22 30 21 30 20 29 19 28 18 27 17 28 16 29 15 29 14 29 13 29 12 30 11 30 10 30 9 30 8 30 7 30 6 30 5 29 4 28 3 27 2 26 1 27 0 28 808464432 976236602 
63 45 62 45 61 45 60 45 59 45 58 45 57 45 56 45 55 45 54 45 53 45 52 45 51 45 50 45 49 45 48 45 47 45 46 45 45 45 44 45 43 45 42 45 41 45 40 45 39 45 38 45 37 45 36 45 35 45 34 45 33 45 32 45 31 45 30 45 29 45 28 45 27 45 26 45 25 45 24 45 23 45 22 45 21 45 20 45 19 45 18 45 17 45 16 45 15 45 14 45 13 45 12 45 11 45 10 45 9 45 8 45 7 44 6 43 5 42 4 41 3 40 2 39 1 38 0 37 
Horizon slope: 0.106423
63 45 62 45 61 45 60 45 59 45 58 45 57 45 56 45 55 45 54 45 53 45 52 45 51 45 50 45 49 45 48 45 47 45 46 45 45 45 44 45 43 45 42 45 41 45 40 45 39 45 38 45 37 45 36 45 35 45 34 45 33 45 32 45 31 45 30 45 29 45 28 45 27 45 26 45 25 45 24 45 23 45 22 45 21 45 20 45 19 45 18 45 17 45 16 45 15 45 14 45 13 45 12 45 11 45 10 45 9 45 8 45 7 44 6 43 5 42 4 41 3 40 2 39 1 38 0 37 808464432 976236602 
63 45 62 45 61 45 60 45 59 45 58 45 57 45 56 45 55 45 54 45 53 45 52 45 51 45 50 45 49 45 48 45 47 45 46 45 45 45 44 45 43 45 42 45 41 45 40 45 39 45 38 45 37 45 36 45 35 45 34 45 33 45 32 45 31 45 30 45 29 45 28 45 27 45 26 45 25 45 24 45 23 45 22 45 21 45 20 45 19 45 18 45 17 45 16 45 15 45 14 45 13 45 12 45 11 45 10 45 9 45 8 45 7 44 6 43 5 42 4 41 3 40 2 39 1 38 0 37 
Horizon slope: 0.106423
63 45 62 45 61 45 60 45 59 45 58 45 57 45 56 45 55 45 54 45 53 45 52 45 51 45 50 45 49 45 48 45 47 45 46 45 45 45 44 45 43 45 42 45 41 45 40 45 39 45 38 45 37 45 36 45 35 45 34 45 33 45 32 45 31 45 30 45 29 45 28 45 27 45 26 45 25 45 24 45 23 45 22 45 21 45 20 45 19 45 18 45 17 45 16 45 15 45 14 45 13 45 12 45 11 45 10 45 9 45 8 45 7 44 6 43 5 42 4 41 3 40 2 39 1 38 0 37 808464432 976236602 
63 20 62 20 61 20 60 20 59 20 58 21 57 21 56 21 55 21 54 21 53 21 52 21 51 21 50 21 49 21 48 21 47 21 46 21 45 21 44 21 43 21 42 21 41 21 40 21 39 21 38 21 37 22 36 22 35 22 34 22 33 22 32 22 31 22 30 22 29 22 28 22 27 22 26 22 25 22 24 22 23 22 22 22 21 22 20 22 19 22 18 22 17 22 16 22 15 22 14 22 13 21 12 21 11 20 10 19 9 19 8 19 7 18 6 17 5 16 4 15 3 14 2 13 1 12 0 11 
Horizon slope: 0.087388
63 20 62 20 61 20 60 20 59 20 58 21 57 21 56 21 55 21 54 21 53 21 52 21 51 21 50 21 49 21 48 21 47 21 46 21 45 21 44 21 43 21 42 21 41 21 40 21 39 21 38 21 37 22 36 22 35 22 34 22 33 22 32 22 31 22 30 22 29 22 28 22 27 22 26 22 25 22 24 22 23 22 22 22 21 22 20 22 19 22 18 22 17 22 16 22 15 22 14 22 13 21 12 21 11 20 10 19 9 19 8 19 7 18 6 17 5 16 4 15 3 14 2 13 1 12 0 11 808464432 976236602 
63 42 62 42 61 42 60 42 59 42 58 42 57 42 56 42 55 42 54 42 53 42 52 42 51 42 50 42 49 42 48 42 47 42 46 42 45 42 44 42 43 42 42 41 41 41 40 41 39 41 38 41 37 41 36 41 35 41 34 41 33 41 32 41 31 41 30 41 29 41 28 41 27 41 26 41 25 41 24 41 23 41 22 41 21 41 20 41 19 41 18 41 17 41 16 41 15 41 14 40 13 40 12 40 11 40 10 40 9 40 8 40 7 40 6 40 5 40 4 40 3 40 2 39 1 38 0 37 
Horizon slope: 0.099734
63 42 62 42 61 42 60 42 59 42 58 42 57 42 56 42 55 42 54 42 53 42 52 42 51 42 50 42 49 42 48 42 47 42 46 42 45 42 44 42 43 42 42 41 41 41 40 41 39 41 38 41 37 41 36 41 35 41 34 41 33 41 32 41 31 41 30 41 29 41 28 41 27 41 26 41 25 41 24 41 23 41 22 41 21 41 20 41 19 41 18 41 17 41 16 41 15 41 14 40 13 40 12 40 11 40 10 40 9 40 8 40 7 40 6 40 5 40 4 40 3 40 2 39 1 38 0 37 808464432 976236602 
63 18 62 18 61 18 60 18 59 18 58 18 57 18 56 18 55 18 54 18 53 18 52 18 51 18 50 18 49 18 48 18 47 18 46 18 45 18 44 18 43 18 42 18 41 18 40 17 39 17 38 17 37 17 36 17 35 17 34 17 33 17 32 17 31 17 30 17 29 17 28 17 27 17 26 17 25 17 24 17 23 17 22 17 21 17 20 17 19 17 18 17 17 17 16 17 15 17 14 17 13 17 12 17 11 17 10 17 9 17 8 17 7 17 6 17 5 17 4 16 3 15 2 14 1 13 0 13 
Horizon slope: 0.062415
63 18 62 18 61 18 60 18 59 18 58 18 57 18 56 18 55 18 54 18 53 18 52 18 51 18 50 18 49 18 48 18 47 18 46 18 45 18 44 18 43 18 42 18 41 18 40 17 39 17 38 17 37 17 36 17 35 17 34 17 33 17 32 17 31 17 30 17 29 17 28 17 27 17 26 17 25 17 24 17 23 17 22 17 21 17 20 17 19 17 18 17 17 17 16 17 15 17 14 17 13 17 12 17 11 17 10 17 9 17 8 17 7 17 6 17 5 17 4 16 3 15 2 14 1 13 0 13 808464432 976236602 
63 21 62 21 61 21 60 21 59 21 58 21 57 21 56 21 55 21 54 21 53 21 52 21 51 21 50 20 49 20 48 20 47 20 46 20 45 20 44 21 43 21 42 21 41 20 40 20 39 20 38 20 37 21 36 21 35 20 34 20 33 20 32 20 31 20 30 20 29 20 28 20 27 20 26 20 25 20 24 20 23 20 22 20 21 20 20 19 19 19 18 19 17 19 16 19 15 19 14 19 13 19 12 19 11 18 10 17 9 16 8 16 7 16 6 16 5 16 4 15 3 15 2 14 1 13 0 12 
Horizon slope: 0.115310
63 21 62 21 61 21 60 21 59 21 58 21 57 21 56 21 55 21 54 21 53 21 52 21 51 21 50 20 49 20 48 20 47 20 46 20 45 20 44 21 43 21 42 21 41 20 40 20 39 20 38 20 37 21 36 21 35 20 34 20 33 20 32 20 31 20 30 20 29 20 28 20 27 20 26 20 25 20 24 20 23 20 22 20 21 20 20 19 19 19 18 19 17 19 16 19 15 19 14 19 13 19 12 19 11 18 10 17 9 16 8 16 7 16 6 16 5 16 4 15 3 15 2 14 1 13 0 12 808464432 976236602 
63 40 62 40 61 40 60 40 59 40 58 39 57 39 56 39 55 39 54 39 53 39 52 39 51 39 50 39 49 39 48 39 47 39 46 39 45 39 44 39 43 39 42 39 41 39 40 38 39 38 38 38 37 38 36 38 35 38 34 38 33 38 32 38 31 38 30 38 29 38 28 38 27 38 26 38 25 38 24 37 23 37 22 37 21 37 20 37 19 37 18 37 17 37 16 37 15 37 14 37 13 37 12 37 11 37 10 37 9 36 8 36 7 36 6 36 5 36 4 36 3 36 2 36 1 36 0 36 
Horizon slope: 0.111833
63 40 62 40 61 40 60 40 59 40 58 39 57 39 56 39 55 39 54 39 53 39 52 39 51 39 50 39 49 39 48 39 47 39 46 39 45 39 44 39 43 39 42 39 41 39 40 38 39 38 38 38 37 38 36 38 35 38 34 38 33 38 32 38 31 38 30 38 29 38 28 38 27 38 26 38 25 38 24 37 23 37 22 37 21 37 20 37 19 37 18 37 17 37 16 37 15 37 14 37 13 37 12 37 11 37 10 37 9 36 8 36 7 36 6 36 5 36 4 36 3 36 2 36 1 36 0 36 808464432 976236602 
63 20 62 21 61 21 60 21 59 21 58 21 57 20 56 20 55 20 54 20 53 20 52 20 51 20 50 20 49 20 48 20 47 20 46 20 45 20 44 20 43 20 42 19 41 19 40 19 39 19 38 19 37 20 36 20 35 20 34 19 33 19 32 19 31 19 30 19 29 19 28 20 27 20 26 20 25 19 24 19 23 19 22 19 21 19 20 19 19 19 18 19 17 19 16 19 15 19 14 19 13 19 12 19 11 19 10 19 9 18 8 18 7 18 6 18 5 18 4 18 3 18 2 17 1 16 0 15 
Horizon slope: 0.072141
63 20 62 21 61 21 60 21 59 21 58 21 57 20 56 20 55 20 54 20 53 20 52 20 51 20 50 20 49 20 48 20 47 20 46 20 45 20 44 20 43 20 42 19 41 19 40 19 39 19 38 19 37 20 36 20 35 20 34 19 33 19 32 19 31 19 30 19 29 19 28 20 27 20 26 20 25 19 24 19 23 19 22 19 21 19 20 19 19 19 18 19 17 19 16 19 15 19 14 19 13 19 12 19 11 19 10 19 9 18 8 18 7 18 6 18 5 18 4 18 3 18 2 17 1 16 0 15 808464432 976236602 
63 16 62 16 61 17 60 17 59 17 58 17 57 17 56 17 55 16 54 16 53 16 52 16 51 16 50 16 49 16 48 16 47 16 46 16 45 16 44 16 43 16 42 16 41 16 40 16 39 16 38 16 37 16 36 15 35 16 34 16 33 15 32 15 31 16 30 16 29 16 28 16 27 16 26 16 25 16 24 15 23 15 22 15 21 16 20 16 19 15 18 15 17 15 16 15 15 15 14 15 13 15 12 15 11 15 10 15 9 15 8 15 7 15 6 15 5 15 4 15 3 14 2 13 1 12 0 12 
Horizon slope: 0.060336
63 16 62 16 61 17 60 17 59 17 58 17 57 17 56 17 55 16 54 16 53 16 52 16 51 16 50 16 49 16 48 16 47 16 46 16 45 16 44 16 43 16 42 16 41 16 40 16 39 16 38 16 37 16 36 15 35 16 34 16 33 15 32 15 31 16 30 16 29 16 28 16 27 16 26 16 25 16 24 15 23 15 22 15 21 16 20 16 19 15 18 15 17 15 16 15 15 15 14 15 13 15 12 15 11 15 10 15 9 15 8 15 7 15 6 15 5 15 4 15 3 14 2 13 1 12 0 12 808464432 976236602 
63 39 62 39 61 39 60 39 59 39 58 39 57 39 56 39 55 39 54 39 53 39 52 39 51 39 50 39 49 39 48 39 47 39 46 39 45 39 44 39 43 39 42 38 41 38 40 38 39 38 38 38 37 38 36 38 35 38 34 38 33 38 32 38 31 38 30 38 29 38 28 38 27 38 26 38 25 37 24 37 23 37 22 37 21 37 20 37 19 37 18 37 17 37 16 37 15 37 14 37 13 37 12 37 11 37 10 37 9 36 8 36 7 36 6 36 5 36 4 36 3 36 2 36 1 36 0 36 
Horizon slope: 0.104607
63 39 62 39 61 39 60 39 59 39 58 39 57 39 56 39 55 39 54 39 53 39 52 39 51 39 50 39 49 39 48 39 47 39 46 39 45 39 44 39 43 39 42 38 41 38 40 38 39 38 38 38 37 38 36 38 35 38 34 38 33 38 32 38 31 38 30 38 29 38 28 38 27 38 26 38 25 37 24 37 23 37 22 37 21 37 20 37 19 37 18 37 17 37 16 37 15 37 14 37 13 37 12 37 11 37 10 37 9 36 8 36 7 36 6 36 5 36 4 36 3 36 2 36 1 36 0 36 808464432 976236602 
63 40 62 40 61 40 60 40 59 40 58 40 57 40 56 40 55 40 54 40 53 39 52 39 51 39 50 39 49 39 48 39 47 39 46 39 45 39 44 39 43 39 42 39 41 39 40 39 39 39 38 39 37 39 36 38 35 38 34 38 33 38 32 38 31 38 30 38 29 38 28 38 27 38 26 38 25 38 24 38 23 38 22 38 21 38 20 37 19 37 18 37 17 37 16 37 15 37 14 37 13 37 12 37 11 37 10 37 9 37 8 37 7 37 6 37 5 37 4 36 3 36 2 36 1 36 0 36 
Horizon slope: 0.111865
63 40 62 40 61 40 60 40 59 40 58 40 57 40 56 40 55 40 54 40 53 39 52 39 51 39 50 39 49 39 48 39 47 39 46 39 45 39 44 39 43 39 42 39 41 39 40 39 39 39 38 39 37 39 36 38 35 38 34 38 33 38 32 38 31 38 30 38 29 38 28 38 27 38 26 38 25 38 24 38 23 38 22 38 21 38 20 37 19 37 18 37 17 37 16 37 15 37 14 37 13 37 12 37 11 37 10 37 9 37 8 37 7 37 6 37 5 37 4 36 3 36 2 36 1 36 0 36 808464432 976236602 
63 40 62 40 61 40 60 40 59 40 58 40 57 40 56 40 55 40 54 40 53 40 52 40 51 40 50 39 49 39 48 39 47 39 46 39 45 39 44 39 43 39 42 39 41 39 40 39 39 39 38 39 37 39 36 39 35 39 34 38 33 38 32 38 31 38 30 38 29 38 28 38 27 38 26 38 25 38 24 38 23 38 22 38 21 38 20 38 19 37 18 37 17 37 16 37 15 37 14 37 13 37 12 37 11 37 10 37 9 37 8 37 7 37 6 37 5 37 4 37 3 37 2 36 1 36 0 36 
Horizon slope: 0.112122
63 40 62 40 61 40 60 40 59 40 58 40 57 40 56 40 55 40 54 40 53 40 52 40 51 40 50 39 49 39 48 39 47 39 46 39 45 39 44 39 43 39 42 39 41 39 40 39 39 39 38 39 37 39 36 39 35 39 34 38 33 38 32 38 31 38 30 38 29 38 28 38 27 38 26 38 25 38 24 38 23 38 22 38 21 38 20 38 19 37 18 37 17 37 16 37 15 37 14 37 13 37 12 37 11 37 10 37 9 37 8 37 7 37 6 37 5 37 4 37 3 37 2 36 1 36 0 36 808464432 976236602 
63 17 62 17 61 17 60 17 59 17 58 17 57 17 56 17 55 17 54 17 53 17 52 17 51 17 50 17 49 16 48 16 47 16 46 16 45 17 44 16 43 16 42 17 41 17 40 17 39 17 38 17 37 16 36 16 35 16 34 16 33 16 32 16 31 16 30 16 29 16 28 16 27 16 26 16 25 16 24 16 23 16 22 15 21 15 20 16 19 16 18 16 17 16 16 16 15 16 14 15 13 15 12 15 11 15 10 15 9 16 8 15 7 15 6 15 5 15 4 15 3 15 2 14 1 13 0 12 
Horizon slope: 0.063605
63 17 62 17 61 17 60 17 59 17 58 17 57 17 56 17 55 17 54 17 53 17 52 17 51 17 50 17 49 16 48 16 47 16 46 16 45 17 44 16 43 16 42 17 41 17 40 17 39 17 38 17 37 16 36 16 35 16 34 16 33 16 32 16 31 16 30 16 29 16 28 16 27 16 26 16 25 16 24 16 23 16 22 15 21 15 20 16 19 16 18 16 17 16 16 16 15 16 14 15 13 15 12 15 11 15 10 15 9 16 8 15 7 15 6 15 5 15 4 15 3 15 2 14 1 13 0 12 808464432 976236602 
63 21 62 21 61 22 60 21 59 21 58 21 57 21 56 21 55 21 54 21 53 21 52 21 51 21 50 21 49 21 48 20 47 20 46 20 45 20 44 20 43 20 42 21 41 21 40 20 39 21 38 20 37 20 36 20 35 20 34 20 33 21 32 20 31 20 30 20 29 20 28 20 27 20 26 20 25 20 24 20 23 20 22 20 21 20 20 20 19 20 18 19 17 19 16 19 15 19 14 19 13 19 12 19 11 19 10 19 9 19 8 19 7 20 6 20 5 19 4 19 3 19 2 18 1 18 0 18 
Horizon slope: 0.066411
63 21 62 21 61 22 60 21 59 21 58 21 57 21 56 21 55 21 54 21 53 21 52 21 51 21 50 21 49 21 48 20 47 20 46 20 45 20 44 20 43 20 42 21 41 21 40 20 39 21 38 20 37 20 36 20 35 20 34 20 33 21 32 20 31 20 30 20 29 20 28 20 27 20 26 20 25 20 24 20 23 20 22 20 21 20 20 20 19 20 18 19 17 19 16 19 15 19 14 19 13 19 12 19 11 19 10 19 9 19 8 19 7 20 6 20 5 19 4 19 3 19 2 18 1 18 0 18 808464432 976236602 
63 22 62 22 61 21 60 21 59 21 58 21 57 21 56 21 55 21 54 21 53 21 52 21 51 22 50 22 49 22 48 22 47 22 46 22 45 22 44 21 43 21 42 21 41 21 40 21 39 21 38 21 37 21 36 21 35 21 34 21 33 21 32 21 31 21 30 21 29 21 28 21 27 20 26 20 25 20 24 20 23 20 22 20 21 20 20 20 19 21 18 21 17 21 16 21 15 20 14 20 13 20 12 20 11 20 10 20 9 20 8 20 7 20 6 20 5 20 4 20 3 20 2 19 1 19 0 19 
Horizon slope: 0.059587
63 22 62 22 61 21 60 21 59 21 58 21 57 21 56 21 55 21 54 21 53 21 52 21 51 22 50 22 49 22 48 22 47 22 46 22 45 22 44 21 43 21 42 21 41 21 40 21 39 21 38 21 37 21 36 21 35 21 34 21 33 21 32 21 31 21 30 21 29 21 28 21 27 20 26 20 25 20 24 20 23 20 22 20 21 20 20 20 19 21 18 21 17 21 16 21 15 20 14 20 13 20 12 20 11 20 10 20 9 20 8 20 7 20 6 20 5 20 4 20 3 20 2 19 1 19 0 19 808464432 976236602 
63 19 62 19 61 19 60 19 59 19 58 19 57 19 56 19 55 19 54 19 53 19 52 19 51 19 50 19 49 19 48 19 47 19 46 19 45 19 44 19 43 19 42 19 41 19 40 19 39 19 38 18 37 18 36 18 35 18 34 18 33 18 32 18 31 19 30 19 29 18 28 18 27 18 26 18 25 18 24 18 23 18 22 18 21 18 20 18 19 18 18 18 17 18 16 18 15 18 14 18 13 18 12 18 11 18 10 18 9 18 8 18 7 18 6 18 5 18 4 17 3 16 2 15 1 14 0 14 
Horizon slope: 0.064473
63 19 62 19 61 19 60 19 59 19 58 19 57 19 56 19 55 19 54 19 53 19 52 19 51 19 50 19 49 19 48 19 47 19 46 19 45 19 44 19 43 19 42 19 41 19 40 19 39 19 38 18 37 18 36 18 35 18 34 18 33 18 32 18 31 19 30 19 29 18 28 18 27 18 26 18 25 18 24 18 23 18 22 18 21 18 20 18 19 18 18 18 17 18 16 18 15 18 14 18 13 18 12 18 11 18 10 18 9 18 8 18 7 18 6 18 5 18 4 17 3 16 2 15 1 14 0 14 808464432 976236602 
63 20 62 20 61 20 60 20 59 20 58 20 57 20 56 20 55 20 54 20 53 19 52 19 51 19 50 19 49 19 48 19 47 19 46 19 45 19 44 19 43 19 42 20 41 20 40 20 39 20 38 19 37 19 36 19 35 19 34 19 33 19 32 19 31 19 30 19 29 19 28 19 27 19 26 19 25 19 24 19 23 19 22 19 21 19 20 19 19 19 18 19 17 19 16 19 15 19 14 19 13 18 12 18 11 18 10 17 9 16 8 15 7 14 6 13 5 13 4 14 3 15 2 16 1 15 0 15 
Horizon slope: 0.094834
63 20 62 20 61 20 60 20 59 20 58 20 57 20 56 20 55 20 54 20 53 19 52 19 51 19 50 19 49 19 48 19 47 19 46 19 45 19 44 19 43 19 42 20 41 20 40 20 39 20 38 19 37 19 36 19 35 19 34 19 33 19 32 19 31 19 30 19 29 19 28 19 27 19 26 19 25 19 24 19 23 19 22 19 21 19 20 19 19 19 18 19 17 19 16 19 15 19 14 19 13 18 12 18 11 18 10 17 9 16 8 15 7 14 6 13 5 13 4 14 3 15 2 16 1 15 0 15 808464432 976236602 
63 20 62 20 61 20 60 20 59 20 58 20 57 20 56 20 55 20 54 20 53 20 52 20 51 20 50 21 49 20 48 20 47 20 46 20 45 20 44 20 43 20 42 20 41 20 40 20 39 20 38 20 37 20 36 20 35 20 34 20 33 20 32 20 31 20 30 20 29 20 28 20 27 20 26 20 25 20 24 20 23 20 22 20 21 20 20 20 19 20 18 20 17 20 16 20 15 20 14 20 13 20 12 20 11 20 10 20 9 20 8 20 7 20 6 20 5 20 4 19 3 18 2 17 1 16 0 16 
Horizon slope: 0.046172
63 20 62 20 61 20 60 20 59 20 58 20 57 20 56 20 55 20 54 20 53 20 52 20 51 20 50 21 49 20 48 20 47 20 46 20 45 20 44 20 43 20 42 20 41 20 40 20 39 20 38 20 37 20 36 20 35 20 34 20 33 20 32 20 31 20 30 20 29 20 28 20 27 20 26 20 25 20 24 20 23 20 22 20 21 20 20 20 19 20 18 20 17 20 16 20 15 20 14 20 13 20 12 20 11 20 10 20 9 20 8 20 7 20 6 20 5 20 4 19 3 18 2 17 1 16 0 16 808464432 976236602 
63 21 62 21 61 21 60 21 59 21 58 21 57 21 56 21 55 21 54 21 53 21 52 21 51 21 50 21 49 21 48 21 47 21 46 21 45 21 44 21 43 21 42 21 41 21 40 21 39 21 38 21 37 21 36 21 35 21 34 21 33 21 32 21 31 21 30 21 29 21 28 21 27 21 26 21 25 21 24 21 23 21 22 21 21 21 20 21 19 21 18 21 17 21 16 21 15 21 14 21 13 21 12 21 11 21 10 21 9 21 8 21 7 21 6 21 5 21 4 20 3 19 2 18 1 17 0 17 
Horizon slope: 0.046699
63 21 62 21 61 21 60 21 59 21 58 21 57 21 56 21 55 21 54 21 53 21 52 21 51 21 50 21 49 21 48 21 47 21 46 21 45 21 44 21 43 21 42 21 41 21 40 21 39 21 38 21 37 21 36 21 35 21 34 21 33 21 32 21 31 21 30 21 29 21 28 21 27 21 26 21 25 21 24 21 23 21 22 21 21 21 20 21 19 21 18 21 17 21 16 21 15 21 14 21 13 21 12 21 11 21 10 21 9 21 8 21 7 21 6 21 5 21 4 20 3 19 2 18 1 17 0 17 808464432 976236602 
63 21 62 21 61 21 60 21 59 21 58 21 57 21 56 22 55 22 54 21 53 21 52 21 51 22 50 22 49 22 48 22 47 22 46 22 45 22 44 22 43 22 42 22 41 22 40 22 39 22 38 22 37 22 36 22 35 22 34 22 33 22 32 22 31 22 30 22 29 22 28 22 27 22 26 22 25 22 24 22 23 22 22 22 21 22 20 22 19 22 18 22 17 22 16 22 15 22 14 22 13 22 12 22 11 22 10 22 9 22 8 22 7 22 6 22 5 22 4 22 3 21 2 20 1 19 0 19 
Horizon slope: 0.029918
63 21 62 21 61 21 60 21 59 21 58 21 57 21 56 22 55 22 54 21 53 21 52 21 51 22 50 22 49 22 48 22 47 22 46 22 45 22 44 22 43 22 42 22 41 22 40 22 39 22 38 22 37 22 36 22 35 22 34 22 33 22 32 22 31 22 30 22 29 22 28 22 27 22 26 22 25 22 24 22 23 22 22 22 21 22 20 22 19 22 18 22 17 22 16 22 15 22 14 22 13 22 12 22 11 22 10 22 9 22 8 22 7 22 6 22 5 22 4 22 3 21 2 20 1 19 0 19 808464432 976236602 
63 22 62 22 61 22 60 22 59 22 58 22 57 22 56 22 55 22 54 22 53 22 52 22 51 22 50 22 49 22 48 22 47 22 46 22 45 22 44 22 43 22 42 22 41 22 40 22 39 23 38 22 37 22 36 22 35 22 34 22 33 22 32 23 31 23 30 23 29 23 28 23 27 23 26 23 25 23 24 23 23 23 22 23 21 23 20 22 19 22 18 22 17 22 16 22 15 22 14 22 13 23 12 23 11 23 10 23 9 23 8 23 7 23 6 23 5 23 4 23 3 22 2 21 1 20 0 19 
Horizon slope: 0.025993
63 22 62 22 61 22 60 22 59 22 58 22 57 22 56 22 55 22 54 22 53 22 52 22 51 22 50 22 49 22 48 22 47 22 46 22 45 22 44 22 43 22 42 22 41 22 40 22 39 23 38 22 37 22 36 22 35 22 34 22 33 22 32 23 31 23 30 23 29 23 28 23 27 23 26 23 25 23 24 23 23 23 22 23 21 23 20 22 19 22 18 22 17 22 16 22 15 22 14 22 13 23 12 23 11 23 10 23 9 23 8 23 7 23 6 23 5 23 4 23 3 22 2 21 1 20 0 19 808464432 976236602 
63 22 62 22 61 22 60 22 59 22 58 22 57 22 56 22 55 22 54 23 53 23 52 22 51 22 50 23 49 23 48 23 47 22 46 22 45 22 44 22 43 22 42 23 41 23 40 23 39 23 38 22 37 22 36 22 35 23 34 23 33 22 32 23 31 23 30 23 29 23 28 23 27 23 26 23 25 23 24 23 23 23 22 23 21 23 20 23 19 23 18 23 17 23 16 23 15 23 14 23 13 23 12 23 11 23 10 23 9 23 8 23 7 23 6 23 5 23 4 23 3 22 2 21 1 20 0 20 
Horizon slope: 0.026287
63 22 62 22 61 22 60 22 59 22 58 22 57 22 56 22 55 22 54 23 53 23 52 22 51 22 50 23 49 23 48 23 47 22 46 22 45 22 44 22 43 22 42 23 41 23 40 23 39 23 38 22 37 22 36 22 35 23 34 23 33 22 32 23 31 23 30 23 29 23 28 23 27 23 26 23 25 23 24 23 23 23 22 23 21 23 20 23 19 23 18 23 17 23 16 23 15 23 14 23 13 23 12 23 11 23 10 23 9 23 8 23 7 23 6 23 5 23 4 23 3 22 2 21 1 20 0 20 808464432 976236602 
63 23 62 23 61 23 60 23 59 23 58 23 57 23 56 23 55 23 54 23 53 23 52 23 51 24 50 24 49 24 48 24 47 24 46 24 45 24 44 24 43 24 42 24 41 24 40 24 39 24 38 23 37 23 36 24 35 24 34 23 33 24 32 24 31 24 30 24 29 24 28 24 27 24 26 24 25 24 24 24 23 24 22 24 21 24 20 24 19 24 18 24 17 24 16 24 15 24 14 24 13 24 12 24 11 24 10 24 9 24 8 24 7 25 6 24 5 24 4 24 3 23 2 22 1 21 0 21 
Horizon slope: 0.028738
63 23 62 23 61 23 60 23 59 23 58 23 57 23 56 23 55 23 54 23 53 23 52 23 51 24 50 24 49 24 48 24 47 24 46 24 45 24 44 24 43 24 42 24 41 24 40 24 39 24 38 23 37 23 36 24 35 24 34 23 33 24 32 24 31 24 30 24 29 24 28 24 27 24 26 24 25 24 24 24 23 24 22 24 21 24 20 24 19 24 18 24 17 24 16 24 15 24 14 24 13 24 12 24 11 24 10 24 9 24 8 24 7 25 6 24 5 24 4 24 3 23 2 22 1 21 0 21 808464432 976236602 
63 23 62 23 61 23 60 23 59 23 58 23 57 23 56 23 55 24 54 24 53 24 52 24 51 24 50 24 49 24 48 24 47 24 46 24 45 24 44 24 43 24 42 24 41 24 40 24 39 24 38 24 37 24 36 24 35 25 34 24 33 25 32 25 31 25 30 25 29 25 28 25 27 25 26 25 25 25 24 25 23 24 22 24 21 24 20 25 19 25 18 25 17 25 16 25 15 25 14 25 13 25 12 25 11 25 10 25 9 25 8 25 7 25 6 25 5 25 4 25 3 24 2 23 1 22 0 22 
Horizon slope: 0.014162
63 23 62 23 61 23 60 23 59 23 58 23 57 23 56 23 55 24 54 24 53 24 52 24 51 24 50 24 49 24 48 24 47 24 46 24 45 24 44 24 43 24 42 24 41 24 40 24 39 24 38 24 37 24 36 24 35 25 34 24 33 25 32 25 31 25 30 25 29 25 28 25 27 25 26 25 25 25 24 25 23 24 22 24 21 24 20 25 19 25 18 25 17 25 16 25 15 25 14 25 13 25 12 25 11 25 10 25 9 25 8 25 7 25 6 25 5 25 4 25 3 24 2 23 1 22 0 22 808464432 976236602 
63 23 62 23 61 23 60 23 59 23 58 24 57 24 56 24 55 24 54 24 53 24 52 24 51 24 50 24 49 24 48 24 47 24 46 24 45 24 44 24 43 24 42 24 41 24 40 24 39 24 38 25 37 24 36 24 35 25 34 25 33 25 32 25 31 25 30 25 29 25 28 25 27 24 26 25 25 25 24 25 23 25 22 25 21 25 20 25 19 25 18 25 17 25 16 25 15 25 14 25 13 25 12 25 11 25 10 25 9 25 8 25 7 25 6 25 5 25 4 25 3 24 2 23 1 22 0 22 
Horizon slope: 0.017006
63 23 62 23 61 23 60 23 59 23 58 24 57 24 56 24 55 24 54 24 53 24 52 24 51 24 50 24 49 24 48 24 47 24 46 24 45 24 44 24 43 24 42 24 41 24 40 24 39 24 38 25 37 24 36 24 35 25 34 25 33 25 32 25 31 25 30 25 29 25 28 25 27 24 26 25 25 25 24 25 23 25 22 25 21 25 20 25 19 25 18 25 17 25 16 25 15 25 14 25 13 25 12 25 11 25 10 25 9 25 8 25 7 25 6 25 5 25 4 25 3 24 2 23 1 22 0 22 808464432 976236602 
63 24 62 24 61 24 60 24 59 24 58 24 57 24 56 24 55 24 54 24 53 24 52 24 51 24 50 24 49 24 48 24 47 24 46 24 45 24 44 24 43 24 42 24 41 25 40 25 39 25 38 25 37 25 36 25 35 25 34 25 33 24 32 24 31 24 30 25 29 25 28 25 27 25 26 25 25 25 24 25 23 25 22 25 21 25 20 25 19 25 18 25 17 25 16 25 15 25 14 25 13 25 12 25 11 25 10 25 9 25 8 25 7 25 6 26 5 26 4 25 3 24 2 23 1 22 0 22 
Horizon slope: 0.022697
63 24 62 24 61 24 60 24 59 24 58 24 57 24 56 24 55 24 54 24 53 24 52 24 51 24 50 24 49 24 48 24 47 24 46 24 45 24 44 24 43 24 42 24 41 25 40 25 39 25 38 25 37 25 36 25 35 25 34 25 33 24 32 24 31 24 30 25 29 25 28 25 27 25 26 25 25 25 24 25 23 25 22 25 21 25 20 25 19 25 18 25 17 25 16 25 15 25 14 25 13 25 12 25 11 25 10 25 9 25 8 25 7 25 6 26 5 26 4 25 3 24 2 23 1 22 0 22 808464432 976236602 
63 27 62 27 61 27 60 28 59 28 58 28 57 28 56 28 55 28 54 28 53 28 52 28 51 28 50 28 49 28 48 28 47 28 46 28 45 28 44 28 43 28 42 28 41 28 40 28 39 29 38 29 37 29 36 29 35 29 34 29 33 29 32 29 31 29 30 29 29 29 28 29 27 29 26 29 25 29 24 29 23 29 22 29 21 29 20 29 19 29 18 29 17 29 16 29 15 30 14 30 13 30 12 30 11 30 10 29 9 30 8 29 7 28 6 27 5 26 4 25 3 24 2 23 1 22 0 21 
Horizon slope: 0.054141
63 27 62 27 61 27 60 28 59 28 58 28 57 28 56 28 55 28 54 28 53 28 52 28 51 28 50 28 49 28 48 28 47 28 46 28 45 28 44 28 43 28 42 28 41 28 40 28 39 29 38 29 37 29 36 29 35 29 34 29 33 29 32 29 31 29 30 29 29 29 28 29 27 29 26 29 25 29 24 29 23 29 22 29 21 29 20 29 19 29 18 29 17 29 16 29 15 30 14 30 13 30 12 30 11 30 10 29 9 30 8 29 7 28 6 27 5 26 4 25 3 24 2 23 1 22 0 21 808464432 976236602 
63 24 62 24 61 24 60 24 59 24 58 24 57 24 56 24 55 25 54 25 53 25 52 24 51 24 50 24 49 24 48 24 47 24 46 24 45 25 44 25 43 25 42 25 41 25 40 25 39 25 38 25 37 25 36 25 35 25 34 25 33 25 32 25 31 26 30 26 29 26 28 25 27 26 26 26 25 26 24 26 23 26 22 26 21 26 20 25 19 25 18 25 17 26 16 26 15 26 14 26 13 26 12 26 11 26 10 26 9 26 8 26 7 26 6 26 5 26 4 26 3 25 2 24 1 23 0 23 
Horizon slope: 0.010226
63 24 62 24 61 24 60 24 59 24 58 24 57 24 56 24 55 25 54 25 53 25 52 24 51 24 50 24 49 24 48 24 47 24 46 24 45 25 44 25 43 25 42 25 41 25 40 25 39 25 38 25 37 25 36 25 35 25 34 25 33 25 32 25 31 26 30 26 29 26 28 25 27 26 26 26 25 26 24 26 23 26 22 26 21 26 20 25 19 25 18 25 17 26 16 26 15 26 14 26 13 26 12 26 11 26 10 26 9 26 8 26 7 26 6 26 5 26 4 26 3 25 2 24 1 23 0 23 808464432 976236602 
63 24 62 24 61 24 60 24 59 24 58 24 57 24 56 24 55 25 54 25 53 25 52 25 51 25 50 25 49 24 48 24 47 24 46 24 45 24 44 25 43 25 42 25 41 25 40 25 39 25 38 25 37 25 36 25 35 25 34 25 33 25 32 25 31 25 30 25 29 25 28 25 27 25 26 25 25 26 24 26 23 26 22 26 21 26 20 26 19 26 18 25 17 25 16 26 15 26 14 26 13 26 12 26 11 26 10 26 9 26 8 26 7 26 6 26 5 26 4 26 3 25 2 24 1 23 0 23 
Horizon slope: 0.012375
63 24 62 24 61 24 60 24 59 24 58 24 57 24 56 24 55 25 54 25 53 25 52 25 51 25 50 25 49 24 48 24 47 24 46 24 45 24 44 25 43 25 42 25 41 25 40 25 39 25 38 25 37 25 36 25 35 25 34 25 33 25 32 25 31 25 30 25 29 25 28 25 27 25 26 25 25 26 24 26 23 26 22 26 21 26 20 26 19 26 18 25 17 25 16 26 15 26 14 26 13 26 12 26 11 26 10 26 9 26 8 26 7 26 6 26 5 26 4 26 3 25 2 24 1 23 0 23 808464432 976236602 
63 24 62 24 61 24 60 24 59 24 58 24 57 24 56 24 55 24 54 24 53 24 52 24 51 24 50 24 49 24 48 25 47 25 46 25 45 25 44 25 43 25 42 25 41 24 40 24 39 24 38 25 37 25 36 25 35 25 34 25 33 25 32 25 31 25 30 25 29 25 28 25 27 25 26 25 25 25 24 25 23 25 22 25 21 25 20 25 19 25 18 25 17 26 16 26 15 26 14 26 13 26 12 25 11 25 10 25 9 26 8 26 7 26 6 26 5 26 4 26 3 25 2 24 1 23 0 22 
Horizon slope: 0.014401
63 24 62 24 61 24 60 24 59 24 58 24 57 24 56 24 55 24 54 24 53 24 52 24 51 24 50 24 49 24 48 25 47 25 46 25 45 25 44 25 43 25 42 25 41 24 40 24 39 24 38 25 37 25 36 25 35 25 34 25 33 25 32 25 31 25 30 25 29 25 28 25 27 25 26 25 25 25 24 25 23 25 22 25 21 25 20 25 19 25 18 25 17 26 16 26 15 26 14 26 13 26 12 25 11 25 10 25 9 26 8 26 7 26 6 26 5 26 4 26 3 25 2 24 1 23 0 22 808464432 976236602 
63 24 62 24 61 23 60 24 59 24 58 24 57 24 56 24 55 24 54 24 53 24 52 24 51 24 50 24 49 24 48 24 47 24 46 24 45 24 44 24 43 24 42 24 41 25 40 25 39 25 38 25 37 25 36 25 35 24 34 24 33 24 32 24 31 25 30 25 29 25 28 25 27 25 26 25 25 25 24 25 23 25 22 25 21 25 20 25 19 25 18 25 17 25 16 25 15 25 14 25 13 25 12 25 11 25 10 26 9 26 8 26 7 26 6 25 5 25 4 25 3 25 2 24 1 24 0 23 
Horizon slope: 0.012876
63 24 62 24 61 23 60 24 59 24 58 24 57 24 56 24 55 24 54 24 53 24 52 24 51 24 50 24 49 24 48 24 47 24 46 24 45 24 44 24 43 24 42 24 41 25 40 25 39 25 38 25 37 25 36 25 35 24 34 24 33 24 32 24 31 25 30 25 29 25 28 25 27 25 26 25 25 25 24 25 23 25 22 25 21 25 20 25 19 25 18 25 17 25 16 25 15 25 14 25 13 25 12 25 11 25 10 26 9 26 8 26 7 26 6 25 5 25 4 25 3 25 2 24 1 24 0 23 808464432 976236602 
63 24 62 24 61 24 60 24 59 24 58 24 57 24 56 24 55 24 54 24 53 24 52 24 51 24 50 24 49 24 48 24 47 24 46 24 45 24 44 25 43 25 42 25 41 25 40 25 39 25 38 25 37 25 36 25 35 25 34 25 33 25 32 25 31 25 30 25 29 25 28 25 27 25 26 25 25 25 24 25 23 25 22 25 21 25 20 25 19 25 18 25 17 25 16 25 15 25 14 26 13 26 12 26 11 26 10 25 9 24 8 23 7 22 6 21 5 20 4 19 3 18 2 17 1 16 0 15 
Horizon slope: 0.079128
63 24 62 24 61 24 60 24 59 24 58 24 57 24 56 24 55 24 54 24 53 24 52 24 51 24 50 24 49 24 48 24 47 24 46 24 45 24 44 25 43 25 42 25 41 25 40 25 39 25 38 25 37 25 36 25 35 25 34 25 33 25 32 25 31 25 30 25 29 25 28 25 27 25 26 25 25 25 24 25 23 25 22 25 21 25 20 25 19 25 18 25 17 25 16 25 15 25 14 26 13 26 12 26 11 26 10 25 9 24 8 23 7 22 6 21 5 20 4 19 3 18 2 17 1 16 0 15 808464432 976236602 
63 24 62 24 61 24 60 24 59 24 58 24 57 24 56 24 55 24 54 24 53 24 52 24 51 24 50 25 49 25 48 25 47 25 46 25 45 25 44 24 43 24 42 24 41 24 40 24 39 25 38 25 37 25 36 25 35 25 34 25 33 25 32 25 31 25 30 25 29 25 28 25 27 25 26 25 25 25 24 25 23 25 22 25 21 25 20 26 19 26 18 26 17 26 16 26 15 25 14 25 13 25 12 26 11 26 10 26 9 26 8 26 7 26 6 26 5 26 4 26 3 26 2 25 1 25 0 26 
Horizon slope: 0.002253
63 24 62 24 61 24 60 24 59 24 58 24 57 24 56 24 55 24 54 24 53 24 52 24 51 24 50 25 49 25 48 25 47 25 46 25 45 25 44 24 43 24 42 24 41 24 40 24 39 25 38 25 37 25 36 25 35 25 34 25 33 25 32 25 31 25 30 25 29 25 28 25 27 25 26 25 25 25 24 25 23 25 22 25 21 25 20 26 19 26 18 26 17 26 16 26 15 25 14 25 13 25 12 26 11 26 10 26 9 26 8 26 7 26 6 26 5 26 4 26 3 26 2 25 1 25 0 26 808464432 976236602 
63 24 62 24 61 24 60 24 59 24 58 24 57 24 56 24 55 25 54 25 53 25 52 25 51 24 50 24 49 24 48 24 47 24 46 25 45 25 44 25 43 25 42 25 41 25 40 25 39 25 38 25 37 25 36 25 35 25 34 25 33 25 32 25 31 25 30 25 29 26 28 26 27 26 26 26 25 26 24 26 23 26 22 25 21 26 20 26 19 26 18 26 17 26 16 26 15 26 14 26 13 26 12 26 11 26 10 26 9 26 8 26 7 26 6 26 5 26 4 26 3 26 2 26 1 26 0 26 
Horizon slope: -0.001265
63 24 62 24 61 24 60 24 59 24 58 24 57 24 56 24 55 25 54 25 53 25 52 25 51 24 50 24 49 24 48 24 47 24 46 25 45 25 44 25 43 25 42 25 41 25 40 25 39 25 38 25 37 25 36 25 35 25 34 25 33 25 32 25 31 25 30 25 29 26 28 26 27 26 26 26 25 26 24 26 23 26 22 25 21 26 20 26 19 26 18 26 17 26 16 26 15 26 14 26 13 26 12 26 11 26 10 26 9 26 8 26 7 26 6 26 5 26 4 26 3 26 2 26 1 26 0 26 808464432 976236602 
63 24 62 24 61 24 60 24 59 24 58 24 57 24 56 24 55 24 54 24 53 25 52 25 51 25 50 25 49 24 48 24 47 24 46 24 45 24 44 24 43 25 42 25 41 25 40 25 39 25 38 25 37 25 36 25 35 25 34 25 33 25 32 25 31 25 30 25 29 25 28 25 27 25 26 26 25 26 24 26 23 26 22 26 21 26 20 25 19 25 18 26 17 26 16 26 15 26 14 26 13 26 12 26 11 26 10 26 9 26 8 26 7 26 6 26 5 26 4 26 3 26 2 26 1 26 0 26 
Horizon slope: -0.002444
63 24 62 24 61 24 60 24 59 24 58 24 57 24 56 24 55 24 54 24 53 25 52 25 51 25 50 25 49 24 48 24 47 24 46 24 45 24 44 24 43 25 42 25 41 25 40 25 39 25 38 25 37 25 36 25 35 25 34 25 33 25 32 25 31 25 30 25 29 25 28 25 27 25 26 26 25 26 24 26 23 26 22 26 21 26 20 25 19 25 18 26 17 26 16 26 15 26 14 26 13 26 12 26 11 26 10 26 9 26 8 26 7 26 6 26 5 26 4 26 3 26 2 26 1 26 0 26 808464432 976236602 
63 25 62 25 61 25 60 25 59 25 58 25 57 25 56 25 55 25 54 25 53 25 52 25 51 25 50 25 49 26 48 26 47 26 46 26 45 25 44 25 43 25 42 25 41 26 40 26 39 26 38 26 37 26 36 26 35 26 34 26 33 26 32 26 31 26 30 26 29 26 28 26 27 26 26 26 25 26 24 26 23 27 22 27 21 27 20 27 19 27 18 27 17 27 16 26 15 26 14 26 13 27 12 27 11 27 10 27 9 27 8 27 7 27 6 27 5 27 4 26 3 25 2 24 1 23 0 23 
Horizon slope: 0.017249
63 25 62 25 61 25 60 25 59 25 58 25 57 25 56 25 55 25 54 25 53 25 52 25 51 25 50 25 49 26 48 26 47 26 46 26 45 25 44 25 43 25 42 25 41 26 40 26 39 26 38 26 37 26 36 26 35 26 34 26 33 26 32 26 31 26 30 26 29 26 28 26 27 26 26 26 25 26 24 26 23 27 22 27 21 27 20 27 19 27 18 27 17 27 16 26 15 26 14 26 13 27 12 27 11 27 10 27 9 27 8 27 7 27 6 27 5 27 4 26 3 25 2 24 1 23 0 23 808464432 976236602 
63 25 62 25 61 25 60 25 59 25 58 25 57 25 56 26 55 26 54 26 53 26 52 26 51 26 50 26 49 26 48 26 47 26 46 26 45 26 44 26 43 26 42 26 41 26 40 26 39 26 38 26 37 26 36 26 35 26 34 26 33 27 32 27 31 27 30 27 29 27 28 27 27 27 26 27 25 26 24 27 23 28 22 29 21 30 20 30 19 30 18 30 17 30 16 31 15 31 14 31 13 31 12 31 11 31 10 31 9 30 8 30 7 29 6 30 5 30 4 30 3 30 2 30 1 30 0 30 
Horizon slope: -0.059874
63 25 62 25 61 25 60 25 59 25 58 25 57 25 56 26 55 26 54 26 53 26 52 26 51 26 50 26 49 26 48 26 47 26 46 26 45 26 44 26 43 26 42 26 41 26 40 26 39 26 38 26 37 26 36 26 35 26 34 26 33 27 32 27 31 27 30 27 29 27 28 27 27 27 26 27 25 26 24 27 23 28 22 29 21 30 20 30 19 30 18 30 17 30 16 31 15 31 14 31 13 31 12 31 11 31 10 31 9 30 8 30 7 29 6 30 5 30 4 30 3 30 2 30 1 30 0 30 808464432 976236602 
63 25 62 25 61 25 60 25 59 25 58 25 57 26 56 26 55 26 54 26 53 26 52 26 51 26 50 26 49 26 48 26 47 26 46 26 45 26 44 26 43 26 42 26 41 26 40 26 39 26 38 26 37 26 36 26 35 26 34 26 33 26 32 26 31 26 30 26 29 26 28 26 27 27 26 27 25 27 24 27 23 27 22 27 21 27 20 27 19 27 18 26 17 26 16 25 15 24 14 23 13 23 12 24 11 25 10 26 9 27 8 28 7 29 6 30 5 30 4 30 3 30 2 31 1 31 0 30 
Horizon slope: -0.009467
63 25 62 25 61 25 60 25 59 25 58 25 57 26 56 26 55 26 54 26 53 26 52 26 51 26 50 26 49 26 48 26 47 26 46 26 45 26 44 26 43 26 42 26 41 26 40 26 39 26 38 26 37 26 36 26 35 26 34 26 33 26 32 26 31 26 30 26 29 26 28 26 27 27 26 27 25 27 24 27 23 27 22 27 21 27 20 27 19 27 18 26 17 26 16 25 15 24 14 23 13 23 12 24 11 25 10 26 9 27 8 28 7 29 6 30 5 30 4 30 3 30 2 31 1 31 0 30 808464432 976236602 
63 26 62 26 61 26 60 26 59 26 58 26 57 26 56 26 55 26 54 26 53 26 52 26 51 26 50 26 49 26 48 26 47 26 46 27 45 27 44 26 43 26 42 26 41 26 40 26 39 26 38 26 37 26 36 26 35 26 34 26 33 26 32 26 31 26 30 26 29 26 28 26 27 26 26 26 25 26 24 26 23 26 22 26 21 26 20 26 19 26 18 25 17 24 16 23 15 22 14 21 13 20 12 21 11 22 10 23 9 24 8 23 7 22 6 23 5 23 4 22 3 21 2 20 1 19 0 18 
Horizon slope: 0.116561
63 26 62 26 61 26 60 26 59 26 58 26 57 26 56 26 55 26 54 26 53 26 52 26 51 26 50 26 49 26 48 26 47 26 46 27 45 27 44 26 43 26 42 26 41 26 40 26 39 26 38 26 37 26 36 26 35 26 34 26 33 26 32 26 31 26 30 26 29 26 28 26 27 26 26 26 25 26 24 26 23 26 22 26 21 26 20 26 19 26 18 25 17 24 16 23 15 22 14 21 13 20 12 21 11 22 10 23 9 24 8 23 7 22 6 23 5 23 4 22 3 21 2 20 1 19 0 18 808464432 976236602 
63 27 62 27 61 27 60 27 59 27 58 27 57 27 56 27 55 27 54 27 53 27 52 27 51 27 50 27 49 27 48 27 47 27 46 27 45 27 44 28 43 27 42 27 41 27 40 28 39 27 38 27 37 27 36 27 35 27 34 27 33 27 32 27 31 27 30 27 29 27 28 27 27 27 26 27 25 27 24 27 23 27 22 27 21 27 20 27 19 27 18 27 17 27 16 27 15 27 14 27 13 27 12 27 11 27 10 27 9 26 8 26 7 27 6 26 5 26 4 25 3 24 2 23 1 22 0 21 
Horizon slope: 0.067746
63 27 62 27 61 27 60 27 59 27 58 27 57 27 56 27 55 27 54 27 53 27 52 27 51 27 50 27 49 27 48 27 47 27 46 27 45 27 44 28 43 27 42 27 41 27 40 28 39 27 38 27 37 27 36 27 35 27 34 27 33 27 32 27 31 27 30 27 29 27 28 27 27 27 26 27 25 27 24 27 23 27 22 27 21 27 20 27 19 27 18 27 17 27 16 27 15 27 14 27 13 27 12 27 11 27 10 27 9 26 8 26 7 27 6 26 5 26 4 25 3 24 2 23 1 22 0 21 808464432 976236602 
63 33 62 33 61 33 60 33 59 33 58 33 57 33 56 33 55 33 54 33 53 33 52 33 51 33 50 33 49 33 48 33 47 33 46 33 45 33 44 32 43 32 42 32 41 32 40 32 39 32 38 33 37 32 36 32 35 33 34 33 33 33 32 33 31 33 30 33 29 33 28 33 27 33 26 33 25 32 24 32 23 32 22 32 21 32 20 32 19 32 18 32 17 32 16 32 15 32 14 32 13 32 12 32 11 32 10 31 9 31 8 31 7 30 6 31 5 31 4 31 3 32 2 32 1 32 0 32 
Horizon slope: 0.071138
63 33 62 33 61 33 60 33 59 33 58 33 57 33 56 33 55 33 54 33 53 33 52 33 51 33 50 33 49 33 48 33 47 33 46 33 45 33 44 32 43 32 42 32 41 32 40 32 39 32 38 33 37 32 36 32 35 33 34 33 33 33 32 33 31 33 30 33 29 33 28 33 27 33 26 33 25 32 24 32 23 32 22 32 21 32 20 32 19 32 18 32 17 32 16 32 15 32 14 32 13 32 12 32 11 32 10 31 9 31 8 31 7 30 6 31 5 31 4 31 3 32 2 32 1 32 0 32 808464432 976236602 
63 30 62 30 61 30 60 30 59 30 58 30 57 29 56 29 55 29 54 29 53 29 52 29 51 29 50 29 49 29 48 29 47 30 46 30 45 30 44 29 43 29 42 30 41 29 40 29 39 29 38 29 37 29 36 29 35 29 34 29 33 29 32 29 31 29 30 29 29 29 28 29 27 29 26 29 25 29 24 29 23 29 22 28 21 28 20 28 19 28 18 28 17 29 16 29 15 29 14 29 13 29 12 29 11 29 10 28 9 28 8 29 7 30 6 31 5 31 4 31 3 31 2 31 1 31 0 31 
Horizon slope: 0.035683
63 30 62 30 61 30 60 30 59 30 58 30 57 29 56 29 55 29 54 29 53 29 52 29 51 29 50 29 49 29 48 29 47 30 46 30 45 30 44 29 43 29 42 30 41 29 40 29 39 29 38 29 37 29 36 29 35 29 34 29 33 29 32 29 31 29 30 29 29 29 28 29 27 29 26 29 25 29 24 29 23 29 22 28 21 28 20 28 19 28 18 28 17 29 16 29 15 29 14 29 13 29 12 29 11 29 10 28 9 28 8 29 7 30 6 31 5 31 4 31 3 31 2 31 1 31 0 31 808464432 976236602 
63 30 62 30 61 30 60 30 59 30 58 29 57 29 56 29 55 29 54 29 53 29 52 29 51 29 50 29 49 29 48 30 47 30 46 30 45 30 44 29 43 29 42 29 41 29 40 29 39 29 38 29 37 29 36 29 35 29 34 29 33 29 32 29 31 29 30 29 29 29 28 29 27 29 26 29 25 29 24 29 23 30 22 31 21 32 20 32 19 33 18 33 17 33 16 33 15 33 14 32 13 32 12 32 11 32 10 32 9 31 8 31 7 31 6 31 5 31 4 31 3 31 2 32 1 32 0 31 
Horizon slope: -0.005816
63 30 62 30 61 30 60 30 59 30 58 29 57 29 56 29 55 29 54 29 53 29 52 29 51 29 50 29 49 29 48 30 47 30 46 30 45 30 44 29 43 29 42 29 41 29 40 29 39 29 38 29 37 29 36 29 35 29 34 29 33 29 32 29 31 29 30 29 29 29 28 29 27 29 26 29 25 29 24 29 23 30 22 31 21 32 20 32 19 33 18 33 17 33 16 33 15 33 14 32 13 32 12 32 11 32 10 32 9 31 8 31 7 31 6 31 5 31 4 31 3 31 2 32 1 32 0 31 808464432 976236602 
63 29 62 29 61 29 60 29 59 29 58 29 57 29 56 29 55 30 54 30 53 30 52 29 51 29 50 29 49 29 48 29 47 29 46 29 45 29 44 29 43 29 42 29 41 29 40 29 39 29 38 29 37 29 36 29 35 29 34 29 33 29 32 28 31 28 30 29 29 29 28 29 27 29 26 29 25 29 24 28 23 28 22 28 21 28 20 28 19 28 18 28 17 28 16 28 15 28 14 28 13 28 12 28 11 28 10 28 9 28 8 27 7 27 6 28 5 27 4 26 3 25 2 24 1 23 0 22 
Horizon slope: 0.092307
63 29 62 29 61 29 60 29 59 29 58 29 57 29 56 29 55 30 54 30 53 30 52 29 51 29 50 29 49 29 48 29 47 29 46 29 45 29 44 29 43 29 42 29 41 29 40 29 39 29 38 29 37 29 36 29 35 29 34 29 33 29 32 28 31 28 30 29 29 29 28 29 27 29 26 29 25 29 24 28 23 28 22 28 21 28 20 28 19 28 18 28 17 28 16 28 15 28 14 28 13 28 12 28 11 28 10 28 9 28 8 27 7 27 6 28 5 27 4 26 3 25 2 24 1 23 0 22 808464432 976236602 
63 29 62 29 61 29 60 29 59 29 58 30 57 30 56 30 55 29 54 29 53 29 52 29 51 29 50 29 49 29 48 29 47 29 46 29 45 29 44 29 43 29 42 28 41 29 40 29 39 29 38 29 37 29 36 29 35 28 34 28 33 29 32 29 31 29 30 29 29 29 28 28 27 28 26 28 25 28 24 28 23 28 22 28 21 28 20 28 19 28 18 28 17 28 16 28 15 28 14 28 13 28 12 28 11 28 10 28 9 27 8 26 7 27 6 27 5 27 4 26 3 25 2 24 1 23 0 22 
Horizon slope: 0.095819
63 29 62 29 61 29 60 29 59 29 58 30 57 30 56 30 55 29 54 29 53 29 52 29 51 29 50 29 49 29 48 29 47 29 46 29 45 29 44 29 43 29 42 28 41 29 40 29 39 29 38 29 37 29 36 29 35 28 34 28 33 29 32 29 31 29 30 29 29 29 28 28 27 28 26 28 25 28 24 28 23 28 22 28 21 28 20 28 19 28 18 28 17 28 16 28 15 28 14 28 13 28 12 28 11 28 10 28 9 27 8 26 7 27 6 27 5 27 4 26 3 25 2 24 1 23 0 22 808464432 976236602 
63 29 62 30 61 30 60 29 59 29 58 29 57 29 56 29 55 29 54 29 53 29 52 29 51 29 50 29 49 29 48 29 47 29 46 29 45 29 44 29 43 29 42 28 41 29 40 29 39 28 38 28 37 28 36 29 35 29 34 29 33 29 32 29 31 29 30 28 29 28 28 28 27 28 26 28 25 28 24 28 23 28 22 28 21 28 20 28 19 28 18 28 17 28 16 28 15 28 14 28 13 28 12 28 11 28 10 28 9 28 8 27 7 27 6 27 5 28 4 27 3 27 2 26 1 25 0 24 
Horizon slope: 0.079948
63 29 62 30 61 30 60 29 59 29 58 29 57 29 56 29 55 29 54 29 53 29 52 29 51 29 50 29 49 29 48 29 47 29 46 29 45 29 44 29 43 29 42 28 41 29 40 29 39 28 38 28 37 28 36 29 35 29 34 29 33 29 32 29 31 29 30 28 29 28 28 28 27 28 26 28 25 28 24 28 23 28 22 28 21 28 20 28 19 28 18 28 17 28 16 28 15 28 14 28 13 28 12 28 11 28 10 28 9 28 8 27 7 27 6 27 5 28 4 27 3 27 2 26 1 25 0 24 808464432 976236602 
63 29 62 29 61 29 60 29 59 29 58 29 57 29 56 29 55 29 54 29 53 29 52 29 51 29 50 29 49 29 48 29 47 29 46 29 45 29 44 29 43 29 42 29 41 28 40 28 39 29 38 29 37 29 36 29 35 29 34 28 33 28 32 28 31 28 30 28 29 28 28 28 27 28 26 28 25 28 24 28 23 28 22 28 21 28 20 28 19 28 18 28 17 28 16 28 15 28 14 28 13 28 12 28 11 28 10 27 9 26 8 25 7 24 6 23 5 22 4 23 3 24 2 23 1 22 0 21 
Horizon slope: 0.117095
63 29 62 29 61 29 60 29 59 29 58 29 57 29 56 29 55 29 54 29 53 29 52 29 51 29 50 29 49 29 48 29 47 29 46 29 45 29 44 29 43 29 42 29 41 28 40 28 39 29 38 29 37 29 36 29 35 29 34 28 33 28 32 28 31 28 30 28 29 28 28 28 27 28 26 28 25 28 24 28 23 28 22 28 21 28 20 28 19 28 18 28 17 28 16 28 15 28 14 28 13 28 12 28 11 28 10 27 9 26 8 25 7 24 6 23 5 22 4 23 3 24 2 23 1 22 0 21 808464432 976236602 
63 29 62 29 61 29 60 29 59 29 58 29 57 29 56 29 55 29 54 29 53 29 52 29 51 29 50 29 49 29 48 29 47 29 46 29 45 29 44 29 43 29 42 29 41 29 40 29 39 28 38 28 37 28 36 29 35 29 34 29 33 29 32 29 31 28 30 28 29 28 28 28 27 28 26 28 25 28 24 28 23 28 22 28 21 28 20 28 19 28 18 28 17 28 16 28 15 28 14 28 13 28 12 28 11 28 10 28 9 27 8 26 7 26 6 27 5 27 4 26 3 25 2 24 1 23 0 22 
Horizon slope: 0.093457
63 29 62 29 61 29 60 29 59 29 58 29 57 29 56 29 55 29 54 29 53 29 52 29 51 29 50 29 49 29 48 29 47 29 46 29 45 29 44 29 43 29 42 29 41 29 40 29 39 28 38 28 37 28 36 29 35 29 34 29 33 29 32 29 31 28 30 28 29 28 28 28 27 28 26 28 25 28 24 28 23 28 22 28 21 28 20 28 19 28 18 28 17 28 16 28 15 28 14 28 13 28 12 28 11 28 10 28 9 27 8 26 7 26 6 27 5 27 4 26 3 25 2 24 1 23 0 22 808464432 976236602 
63 29 62 29 61 29 60 29 59 29 58 29 57 29 56 29 55 29 54 29 53 29 52 29 51 29 50 29 49 29 48 29 47 29 46 29 45 29 44 29 43 29 42 28 41 28 40 28 39 28 38 28 37 29 36 29 35 29 34 29 33 29 32 28 31 28 30 28 29 28 28 28 27 28 26 28 25 28 24 28 23 28 22 28 21 28 20 28 19 28 18 28 17 28 16 28 15 28 14 28 13 28 12 28 11 28 10 28 9 27 8 26 7 26 6 27 5 27 4 26 3 25 2 24 1 23 0 22 
Horizon slope: 0.092363
63 29 62 29 61 29 60 29 59 29 58 29 57 29 56 29 55 29 54 29 53 29 52 29 51 29 50 29 49 29 48 29 47 29 46 29 45 29 44 29 43 29 42 28 41 28 40 28 39 28 38 28 37 29 36 29 35 29 34 29 33 29 32 28 31 28 30 28 29 28 28 28 27 28 26 28 25 28 24 28 23 28 22 28 21 28 20 28 19 28 18 28 17 28 16 28 15 28 14 28 13 28 12 28 11 28 10 28 9 27 8 26 7 26 6 27 5 27 4 26 3 25 2 24 1 23 0 22 808464432 976236602 
63 29 62 29 61 29 60 29 59 29 58 29 57 29 56 29 55 29 54 29 53 29 52 29 51 29 50 29 49 29 48 29 47 28 46 28 45 28 44 28 43 29 42 28 41 28 40 29 39 29 38 28 37 28 36 28 35 28 34 28 33 28 32 28 31 28 30 28 29 28 28 28 27 28 26 28 25 28 24 28 23 28 22 28 21 28 20 28 19 28 18 28 17 28 16 28 15 28 14 28 13 28 12 28 11 28 10 28 9 28 8 27 7 26 6 27 5 26 4 26 3 25 2 24 1 23 0 22 
Horizon slope: 0.088861
63 29 62 29 61 29 60 29 59 29 58 29 57 29 56 29 55 29 54 29 53 29 52 29 51 29 50 29 49 29 48 29 47 28 46 28 45 28 44 28 43 29 42 28 41 28 40 29 39 29 38 28 37 28 36 28 35 28 34 28 33 28 32 28 31 28 30 28 29 28 28 28 27 28 26 28 25 28 24 28 23 28 22 28 21 28 20 28 19 28 18 28 17 28 16 28 15 28 14 28 13 28 12 28 11 28 10 28 9 28 8 27 7 26 6 27 5 26 4 26 3 25 2 24 1 23 0 22 808464432 976236602 
63 28 62 28 61 28 60 28 59 28 58 28 57 28 56 28 55 28 54 28 53 28 52 28 51 28 50 28 49 28 48 29 47 29 46 28 45 29 44 29 43 28 42 28 41 28 40 28 39 28 38 28 37 28 36 28 35 28 34 28 33 28 32 28 31 28 30 28 29 28 28 28 27 28 26 28 25 28 24 28 23 27 22 27 21 27 20 27 19 27 18 27 17 27 16 28 15 28 14 28 13 28 12 28 11 27 10 27 9 27 8 26 7 26 6 27 5 26 4 26 3 25 2 24 1 23 0 22 
Horizon slope: 0.080201
63 28 62 28 61 28 60 28 59 28 58 28 57 28 56 28 55 28 54 28 53 28 52 28 51 28 50 28 49 28 48 29 47 29 46 28 45 29 44 29 43 28 42 28 41 28 40 28 39 28 38 28 37 28 36 28 35 28 34 28 33 28 32 28 31 28 30 28 29 28 28 28 27 28 26 28 25 28 24 28 23 27 22 27 21 27 20 27 19 27 18 27 17 27 16 28 15 28 14 28 13 28 12 28 11 27 10 27 9 27 8 26 7 26 6 27 5 26 4 26 3 25 2 24 1 23 0 22 808464432 976236602 
63 29 62 29 61 29 60 29 59 29 58 29 57 29 56 29 55 29 54 29 53 29 52 29 51 29 50 29 49 29 48 29 47 29 46 28 45 28 44 28 43 28 42 28 41 29 40 29 39 29 38 29 37 29 36 28 35 28 34 28 33 28 32 28 31 28 30 28 29 28 28 28 27 28 26 28 25 28 24 28 23 28 22 28 21 28 20 28 19 27 18 26 17 25 16 24 15 23 14 23 13 22 12 21 11 20 10 19 9 20 8 21 7 22 6 23 5 24 4 25 3 26 2 27 1 28 0 28 
Horizon slope: 0.135356
63 29 62 29 61 29 60 29 59 29 58 29 57 29 56 29 55 29 54 29 53 29 52 29 51 29 50 29 49 29 48 29 47 29 46 28 45 28 44 28 43 28 42 28 41 29 40 29 39 29 38 29 37 29 36 28 35 28 34 28 33 28 32 28 31 28 30 28 29 28 28 28 27 28 26 28 25 28 24 28 23 28 22 28 21 28 20 28 19 27 18 26 17 25 16 24 15 23 14 23 13 22 12 21 11 20 10 19 9 20 8 21 7 22 6 23 5 24 4 25 3 26 2 27 1 28 0 28 808464432 976236602 
63 28 62 28 61 28 60 28 59 28 58 28 57 28 56 28 55 28 54 28 53 28 52 28 51 28 50 28 49 28 48 28 47 28 46 28 45 28 44 28 43 28 42 28 41 28 40 28 39 28 38 28 37 27 36 26 35 26 34 27 33 28 32 29 31 30 30 30 29 30 28 30 27 30 26 30 25 30 24 30 23 30 22 30 21 29 20 28 19 27 18 26 17 26 16 27 15 27 14 28 13 28 12 28 11 28 10 28 9 28 8 28 7 27 6 26 5 25 4 26 3 25 2 24 1 23 0 22 
Horizon slope: 0.069321
63 28 62 28 61 28 60 28 59 28 58 28 57 28 56 28 55 28 54 28 53 28 52 28 51 28 50 28 49 28 48 28 47 28 46 28 45 28 44 28 43 28 42 28 41 28 40 28 39 28 38 28 37 27 36 26 35 26 34 27 33 28 32 29 31 30 30 30 29 30 28 30 27 30 26 30 25 30 24 30 23 30 22 30 21 29 20 28 19 27 18 26 17 26 16 27 15 27 14 28 13 28 12 28 11 28 10 28 9 28 8 28 7 27 6 26 5 25 4 26 3 25 2 24 1 23 0 22 808464432 976236602 
63 45 62 45 61 45 60 45 59 45 58 45 57 45 56 45 55 45 54 45 53 45 52 45 51 45 50 44 49 44 48 44 47 44 46 44 45 44 44 44 43 44 42 43 41 43 40 43 39 43 38 43 37 43 36 43 35 43 34 42 33 42 32 42 31 42 30 42 29 42 28 42 27 42 26 41 25 41 24 41 23 41 22 41 21 41 20 41 19 40 18 41 17 41 16 42 15 43 14 44 13 44 12 44 11 44 10 44 9 45 8 45 7 44 6 43 5 42 4 41 3 40 2 39 1 38 0 37 
Horizon slope: 0.121040
63 45 62 45 61 45 60 45 59 45 58 45 57 45 56 45 55 45 54 45 53 45 52 45 51 45 50 44 49 44 48 44 47 44 46 44 45 44 44 44 43 44 42 43 41 43 40 43 39 43 38 43 37 43 36 43 35 43 34 42 33 42 32 42 31 42 30 42 29 42 28 42 27 42 26 41 25 41 24 41 23 41 22 41 21 41 20 41 19 40 18 41 17 41 16 42 15 43 14 44 13 44 12 44 11 44 10 44 9 45 8 45 7 44 6 43 5 42 4 41 3 40 2 39 1 38 0 37 808464432 976236602 
63 45 62 45 61 45 60 45 59 45 58 45 57 45 56 45 55 45 54 45 53 45 52 45 51 45 50 45 49 45 48 45 47 44 46 44 45 44 44 44 43 44 42 44 41 44 40 44 39 44 38 44 37 44 36 44 35 44 34 44 33 44 32 44 31 43 30 43 29 43 28 43 27 43 26 43 25 43 24 43 23 43 22 44 21 44 20 45 19 46 18 46 17 45 16 45 15 45 14 45 13 44 12 43 11 43 10 44 9 44 8 43 7 44 6 43 5 42 4 41 3 40 2 39 1 38 0 37 
Horizon slope: 0.111492
63 45 62 45 61 45 60 45 59 45 58 45 57 45 56 45 55 45 54 45 53 45 52 45 51 45 50 45 49 45 48 45 47 44 46 44 45 44 44 44 43 44 42 44 41 44 40 44 39 44 38 44 37 44 36 44 35 44 34 44 33 44 32 44 31 43 30 43 29 43 28 43 27 43 26 43 25 43 24 43 23 43 22 44 21 44 20 45 19 46 18 46 17 45 16 45 15 45 14 45 13 44 12 43 11 43 10 44 9 44 8 43 7 44 6 43 5 42 4 41 3 40 2 39 1 38 0 37 808464432 976236602 
63 45 62 45 61 45 60 45 59 45 58 45 57 45 56 45 55 45 54 45 53 45 52 45 51 45 50 45 49 45 48 45 47 45 46 45 45 45 44 45 43 45 42 45 41 45 40 45 39 45 38 45 37 45 36 45 35 45 34 45 33 45 32 45 31 45 30 45 29 45 28 45 27 45 26 45 25 45 24 45 23 45 22 45 21 45 20 45 19 45 18 45 17 45 16 45 15 45 14 45 13 45 12 45 11 45 10 45 9 45 8 45 7 44 6 43 5 42 4 41 3 40 2 39 1 38 0 37 
Horizon slope: 0.106423
63 45 62 45 61 45 60 45 59 45 58 45 57 45 56 45 55 45 54 45 53 45 52 45 51 45 50 45 49 45 48 45 47 45 46 45 45 45 44 45 43 45 42 45 41 45 40 45 39 45 38 45 37 45 36 45 35 45 34 45 33 45 32 45 31 45 30 45 29 45 28 45 27 45 26 45 25 45 24 45 23 45 22 45 21 45 20 45 19 45 18 45 17 45 16 45 15 45 14 45 13 45 12 45 11 45 10 45 9 45 8 45 7 44 6 43 5 42 4 41 3 40 2 39 1 38 0 37 808464432 976236602 
63 45 62 45 61 45 60 45 59 45 58 45 57 44 56 44 55 44 54 44 53 44 52 44 51 44 50 44 49 44 48 44 47 44 46 44 45 44 44 44 43 44 42 44 41 44 40 44 39 44 38 44 37 43 36 43 35 43 34 43 33 43 32 43 31 43 30 43 29 43 28 43 27 43 26 43 25 43 24 43 23 43 22 43 21 43 20 42 19 42 18 42 17 42 16 42 15 42 14 42 13 42 12 42 11 42 10 42 9 42 8 42 7 42 6 42 5 42 4 41 3 40 2 39 1 38 0 37 
Horizon slope: 0.127261
63 45 62 45 61 45 60 45 59 45 58 45 57 44 56 44 55 44 54 44 53 44 52 44 51 44 50 44 49 44 48 44 47 44 46 44 45 44 44 44 43 44 42 44 41 44 40 44 39 44 38 44 37 43 36 43 35 43 34 43 33 43 32 43 31 43 30 43 29 43 28 43 27 43 26 43 25 43 24 43 23 43 22 43 21 43 20 42 19 42 18 42 17 42 16 42 15 42 14 42 13 42 12 42 11 42 10 42 9 42 8 42 7 42 6 42 5 42 4 41 3 40 2 39 1 38 0 37 808464432 976236602 
